$KAAZING,37.4189605,-121.9785079,13.20,43.31,0.15,0.35,150.08,4,15,2014,23,6,46,0,243.60,182.33,175.90,284.04,72.16,22.31,66.01,8F15FAAB-EAFD-4FDE-BDA5-D7CAD5EDD597
$KAAZING,37.4189605,-121.9785079,12.60,41.34,0.10,0.22,7.86,4,15,2014,23,7,3,0,243.51,181.64,175.90,285.26,72.94,22.75,62.71,8F15FAAB-EAFD-4FDE-BDA5-D7CAD5EDD597
$KAAZING,37.4189605,-121.9785079,12.60,41.34,0.10,0.22,7.86,4,15,2014,23,7,3,0,244.61,181.73,176.59,280.30,72.96,22.76,62.85,8F15FAAB-EAFD-4FDE-BDA5-D7CAD5EDD597
$KAAZING,37.4189605,-121.9785079,12.50,41.01,0.10,0.22,7.86,4,15,2014,23,7,4,0,242.35,182.33,176.60,279.46,72.98,22.77,62.96,8F15FAAB-EAFD-4FDE-BDA5-D7CAD5EDD597
$KAAZING,37.4189605,-121.9785079,12.50,41.01,0.10,0.22,7.86,4,15,2014,23,7,4,0,242.32,182.33,176.60,279.46,73.02,22.79,62.99,8F15FAAB-EAFD-4FDE-BDA5-D7CAD5EDD597
$KAAZING,37.4189605,-121.9785079,12.50,41.01,0.10,0.22,7.86,4,15,2014,23,7,4,0,242.55,183.12,175.88,282.99,73.07,22.82,62.95,8F15FAAB-EAFD-4FDE-BDA5-D7CAD5EDD597
$KAAZING,37.4189605,-121.9785079,12.50,41.01,0.10,0.22,7.86,4,15,2014,23,7,4,0,242.75,182.43,176.59,279.46,73.03,22.80,62.88,8F15FAAB-EAFD-4FDE-BDA5-D7CAD5EDD597
$KAAZING,37.4189567,-121.9785079,12.50,41.01,0.13,0.29,159.02,4,15,2014,23,7,5,0,243.36,182.23,175.93,284.04,73.07,22.82,62.82,8F15FAAB-EAFD-4FDE-BDA5-D7CAD5EDD597
$KAAZING,37.4189567,-121.9785079,12.50,41.01,0.13,0.29,159.02,4,15,2014,23,7,5,0,243.02,182.33,176.60,279.46,73.11,22.84,62.77,8F15FAAB-EAFD-4FDE-BDA5-D7CAD5EDD597
$KAAZING,37.4189567,-121.9785079,12.50,41.01,0.13,0.29,159.02,4,15,2014,23,7,5,0,241.96,182.33,176.60,279.46,73.07,22.82,62.77,8F15FAAB-EAFD-4FDE-BDA5-D7CAD5EDD597
$KAAZING,37.4189567,-121.9785079,12.50,41.01,0.13,0.29,159.02,4,15,2014,23,7,5,0,241.98,182.33,176.60,279.46,73.11,22.84,62.73,8F15FAAB-EAFD-4FDE-BDA5-D7CAD5EDD597
$KAAZING,37.4189567,-121.9785079,12.50,41.01,0.13,0.29,159.02,4,15,2014,23,7,5,0,241.98,183.01,176.60,278.75,73.11,22.84,62.70,8F15FAAB-EAFD-4FDE-BDA5-D7CAD5EDD597
$KAAZING,37.4189567,-121.9785079,12.50,41.01,0.13,0.29,159.02,4,15,2014,23,7,7,0,243.15,182.33,175.90,284.04,73.07,22.82,62.70,8F15FAAB-EAFD-4FDE-BDA5-D7CAD5EDD597
$KAAZING,37.4189567,-121.9785079,12.50,41.01,0.13,0.29,159.02,4,15,2014,23,7,7,0,241.37,182.43,176.59,279.46,73.11,22.84,62.57,8F15FAAB-EAFD-4FDE-BDA5-D7CAD5EDD597
$KAAZING,37.4189567,-121.9785079,12.50,41.01,0.13,0.29,159.02,4,15,2014,23,7,7,0,242.31,182.33,176.60,279.46,73.12,22.85,62.62,8F15FAAB-EAFD-4FDE-BDA5-D7CAD5EDD597
$KAAZING,37.4189567,-121.9785079,12.50,41.01,0.13,0.29,159.02,4,15,2014,23,7,8,0,242.91,182.23,176.62,279.46,73.16,22.87,62.62,8F15FAAB-EAFD-4FDE-BDA5-D7CAD5EDD597
$KAAZING,37.4189567,-121.9785079,12.50,41.01,0.13,0.29,159.02,4,15,2014,23,7,8,0,241.98,182.13,176.64,279.46,73.18,22.88,62.65,8F15FAAB-EAFD-4FDE-BDA5-D7CAD5EDD597
$KAAZING,37.4189567,-121.9785079,12.50,41.01,0.13,0.29,159.02,4,15,2014,23,7,8,0,242.76,182.33,176.60,279.46,73.18,22.88,62.67,8F15FAAB-EAFD-4FDE-BDA5-D7CAD5EDD597
$KAAZING,37.4189567,-121.9785079,12.50,41.01,0.13,0.29,159.02,4,15,2014,23,7,9,0,243.56,182.43,177.29,274.76,73.21,22.90,62.70,8F15FAAB-EAFD-4FDE-BDA5-D7CAD5EDD597
$KAAZING,37.4189567,-121.9785079,12.50,41.01,0.13,0.29,159.02,4,15,2014,23,7,9,0,244.08,182.43,176.59,279.46,73.23,22.91,62.70,8F15FAAB-EAFD-4FDE-BDA5-D7CAD5EDD597
$KAAZING,37.4189567,-121.9785079,12.50,41.01,0.13,0.29,159.02,4,15,2014,23,7,9,0,242.27,182.33,176.60,279.46,73.25,22.92,62.60,8F15FAAB-EAFD-4FDE-BDA5-D7CAD5EDD597
$KAAZING,37.4189567,-121.9785079,12.50,41.01,0.13,0.29,159.02,4,15,2014,23,7,9,0,243.20,182.43,175.88,284.04,73.25,22.92,62.35,8F15FAAB-EAFD-4FDE-BDA5-D7CAD5EDD597
$KAAZING,37.4189567,-121.9785079,12.50,41.01,0.13,0.29,159.02,4,15,2014,23,7,9,0,243.31,182.33,176.60,279.46,73.29,22.94,62.24,8F15FAAB-EAFD-4FDE-BDA5-D7CAD5EDD597
$KAAZING,37.4189567,-121.9785079,12.50,41.01,0.13,0.29,159.02,4,15,2014,23,7,9,0,243.19,182.33,176.60,279.46,73.31,22.95,62.18,8F15FAAB-EAFD-4FDE-BDA5-D7CAD5EDD597
$KAAZING,37.4189567,-121.9785079,12.50,41.01,0.13,0.29,159.02,4,15,2014,23,7,9,0,243.64,182.43,175.88,284.04,73.32,22.96,61.89,8F15FAAB-EAFD-4FDE-BDA5-D7CAD5EDD597
$KAAZING,37.4189567,-121.9785079,12.50,41.01,0.06,0.14,140.02,4,15,2014,23,7,11,0,243.07,182.23,176.62,279.46,73.32,22.96,61.70,8F15FAAB-EAFD-4FDE-BDA5-D7CAD5EDD597
$KAAZING,37.4189567,-121.9785079,12.50,41.01,0.06,0.14,140.02,4,15,2014,23,7,11,0,243.48,182.33,175.90,284.04,73.32,22.96,61.56,8F15FAAB-EAFD-4FDE-BDA5-D7CAD5EDD597
$KAAZING,37.4189567,-121.9785079,12.50,41.01,0.06,0.14,140.02,4,15,2014,23,7,11,0,242.97,182.33,175.90,284.04,73.31,22.95,61.21,8F15FAAB-EAFD-4FDE-BDA5-D7CAD5EDD597
$KAAZING,37.4189567,-121.9785079,12.50,41.01,0.06,0.14,140.02,4,15,2014,23,7,11,0,242.95,182.23,176.62,279.46,73.31,22.95,60.94,8F15FAAB-EAFD-4FDE-BDA5-D7CAD5EDD597
$KAAZING,37.4189567,-121.9785079,12.50,41.01,0.06,0.14,140.02,4,15,2014,23,7,11,0,241.77,182.23,176.62,279.46,73.29,22.94,60.57,8F15FAAB-EAFD-4FDE-BDA5-D7CAD5EDD597
$KAAZING,37.4189567,-121.9785079,12.50,41.01,0.06,0.14,140.02,4,15,2014,23,7,11,0,241.37,182.33,176.60,279.46,73.29,22.94,60.41,8F15FAAB-EAFD-4FDE-BDA5-D7CAD5EDD597
$KAAZING,37.4189567,-121.9785079,12.50,41.01,0.06,0.14,140.02,4,15,2014,23,7,11,0,243.48,182.43,177.29,274.76,73.29,22.94,60.32,8F15FAAB-EAFD-4FDE-BDA5-D7CAD5EDD597
$KAAZING,37.4189567,-121.9785079,12.50,41.01,0.06,0.14,140.02,4,15,2014,23,7,11,0,241.95,182.33,177.30,274.76,73.25,22.92,60.18,8F15FAAB-EAFD-4FDE-BDA5-D7CAD5EDD597
$KAAZING,37.4189567,-121.9785079,12.60,41.34,0.06,0.14,140.02,4,15,2014,23,7,14,0,244.26,182.33,175.90,284.04,73.25,22.92,60.14,8F15FAAB-EAFD-4FDE-BDA5-D7CAD5EDD597
$KAAZING,37.4189567,-121.9785079,12.60,41.34,0.06,0.14,140.02,4,15,2014,23,7,14,0,241.57,182.53,176.57,279.46,73.25,22.92,60.07,8F15FAAB-EAFD-4FDE-BDA5-D7CAD5EDD597
$KAAZING,37.4189567,-121.9785079,12.60,41.34,0.06,0.14,140.02,4,15,2014,23,7,14,0,243.35,182.33,175.90,284.04,73.25,22.92,60.01,8F15FAAB-EAFD-4FDE-BDA5-D7CAD5EDD597
$KAAZING,37.4189567,-121.9785079,12.60,41.34,0.06,0.14,140.02,4,15,2014,23,7,15,0,243.23,182.23,175.93,284.04,73.25,22.92,59.98,8F15FAAB-EAFD-4FDE-BDA5-D7CAD5EDD597
$KAAZING,37.4189567,-121.9785079,12.60,41.34,0.06,0.14,140.02,4,15,2014,23,7,15,0,244.52,181.64,176.60,280.30,73.25,22.92,59.96,8F15FAAB-EAFD-4FDE-BDA5-D7CAD5EDD597
$KAAZING,37.4189567,-121.9785079,12.60,41.34,0.06,0.14,140.02,4,15,2014,23,7,15,0,241.95,183.12,176.59,278.75,73.29,22.94,59.89,8F15FAAB-EAFD-4FDE-BDA5-D7CAD5EDD597
$KAAZING,37.4189567,-121.9785079,12.60,41.34,0.06,0.14,140.02,4,15,2014,23,7,16,0,243.49,182.33,176.60,279.46,73.29,22.94,59.80,8F15FAAB-EAFD-4FDE-BDA5-D7CAD5EDD597
$KAAZING,37.4189567,-121.9785079,12.60,41.34,0.06,0.14,140.02,4,15,2014,23,7,16,0,242.90,182.33,175.90,284.04,73.31,22.95,59.75,8F15FAAB-EAFD-4FDE-BDA5-D7CAD5EDD597
$KAAZING,37.4189567,-121.9785079,12.60,41.34,0.06,0.14,140.02,4,15,2014,23,7,16,0,242.23,182.33,175.90,284.04,73.31,22.95,59.73,8F15FAAB-EAFD-4FDE-BDA5-D7CAD5EDD597
$KAAZING,37.4189567,-121.9785079,12.60,41.34,0.06,0.14,140.02,4,15,2014,23,7,16,0,241.68,182.33,176.60,279.46,73.29,22.94,59.61,8F15FAAB-EAFD-4FDE-BDA5-D7CAD5EDD597
$KAAZING,37.4189567,-121.9785079,12.60,41.34,0.06,0.14,140.02,4,15,2014,23,7,16,0,243.49,181.73,176.59,280.30,73.31,22.95,59.61,8F15FAAB-EAFD-4FDE-BDA5-D7CAD5EDD597
$KAAZING,37.4189567,-121.9785079,12.60,41.34,0.04,0.08,124.81,4,15,2014,23,7,17,0,243.93,182.33,175.90,284.04,73.29,22.94,59.57,8F15FAAB-EAFD-4FDE-BDA5-D7CAD5EDD597
$KAAZING,37.4189567,-121.9785079,12.60,41.34,0.07,0.16,139.82,4,15,2014,23,7,18,0,243.05,182.23,176.62,279.46,73.31,22.95,59.57,8F15FAAB-EAFD-4FDE-BDA5-D7CAD5EDD597
$KAAZING,37.4189567,-121.9785079,12.60,41.34,0.07,0.16,139.82,4,15,2014,23,7,18,0,243.04,182.33,175.90,284.04,73.31,22.95,59.55,8F15FAAB-EAFD-4FDE-BDA5-D7CAD5EDD597
$KAAZING,37.4189567,-121.9785079,12.70,41.67,0.07,0.16,139.82,4,15,2014,23,7,19,0,242.10,182.33,177.30,274.76,73.31,22.95,59.63,8F15FAAB-EAFD-4FDE-BDA5-D7CAD5EDD597
$KAAZING,37.4189567,-121.9785079,12.70,41.67,0.07,0.16,139.82,4,15,2014,23,7,19,0,243.46,181.64,177.30,275.19,73.32,22.96,59.58,8F15FAAB-EAFD-4FDE-BDA5-D7CAD5EDD597
$KAAZING,37.4189567,-121.9785079,12.70,41.67,0.07,0.16,139.82,4,15,2014,23,7,19,0,243.28,182.33,176.60,279.46,73.36,22.98,59.56,8F15FAAB-EAFD-4FDE-BDA5-D7CAD5EDD597
$KAAZING,37.4189567,-121.9785079,12.70,41.67,0.07,0.16,139.82,4,15,2014,23,7,20,0,242.68,182.33,176.60,279.46,73.32,22.96,59.54,8F15FAAB-EAFD-4FDE-BDA5-D7CAD5EDD597
$KAAZING,37.4189567,-121.9785079,12.70,41.67,0.07,0.16,139.82,4,15,2014,23,7,20,0,242.25,182.33,176.60,279.46,73.32,22.96,59.40,8F15FAAB-EAFD-4FDE-BDA5-D7CAD5EDD597
$KAAZING,37.4189567,-121.9785079,12.70,41.67,0.07,0.16,139.82,4,15,2014,23,7,20,0,241.75,182.33,176.60,279.46,73.36,22.98,59.42,8F15FAAB-EAFD-4FDE-BDA5-D7CAD5EDD597
$KAAZING,37.4189567,-121.9785079,12.70,41.67,0.07,0.16,139.82,4,15,2014,23,7,21,0,243.30,182.43,176.59,279.46,73.31,22.95,59.37,8F15FAAB-EAFD-4FDE-BDA5-D7CAD5EDD597
$KAAZING,37.4189567,-121.9785079,12.70,41.67,0.07,0.16,139.82,4,15,2014,23,7,21,0,241.98,183.01,175.90,282.99,73.31,22.95,59.27,8F15FAAB-EAFD-4FDE-BDA5-D7CAD5EDD597
$KAAZING,37.4189567,-121.9785079,12.70,41.67,0.07,0.16,139.82,4,15,2014,23,7,21,0,242.28,182.53,176.57,279.46,73.32,22.96,59.28,8F15FAAB-EAFD-4FDE-BDA5-D7CAD5EDD597
$KAAZING,37.4189567,-121.9785079,12.70,41.67,0.07,0.16,139.82,4,15,2014,23,7,21,0,243.96,181.55,176.62,280.30,73.31,22.95,59.34,8F15FAAB-EAFD-4FDE-BDA5-D7CAD5EDD597
$KAAZING,37.4189529,-121.9785079,12.70,41.67,0.07,0.16,139.82,4,15,2014,23,7,22,0,241.97,183.01,176.60,278.75,73.29,22.94,59.41,8F15FAAB-EAFD-4FDE-BDA5-D7CAD5EDD597
$KAAZING,37.4189529,-121.9785079,12.70,41.67,0.07,0.16,139.82,4,15,2014,23,7,22,0,244.32,181.73,176.59,280.30,73.29,22.94,59.48,8F15FAAB-EAFD-4FDE-BDA5-D7CAD5EDD597
$KAAZING,37.4189529,-121.9785079,12.70,41.67,0.07,0.16,139.82,4,15,2014,23,7,23,0,243.60,182.23,176.62,279.46,73.29,22.94,59.52,8F15FAAB-EAFD-4FDE-BDA5-D7CAD5EDD597
$KAAZING,37.4189529,-121.9785079,12.70,41.67,0.07,0.16,139.82,4,15,2014,23,7,23,0,242.88,183.01,175.90,282.99,73.32,22.96,59.56,8F15FAAB-EAFD-4FDE-BDA5-D7CAD5EDD597
$KAAZING,37.4189529,-121.9785079,12.70,41.67,0.07,0.16,139.82,4,15,2014,23,7,23,0,243.27,181.64,176.60,280.30,73.32,22.96,59.61,8F15FAAB-EAFD-4FDE-BDA5-D7CAD5EDD597
$KAAZING,37.4189529,-121.9785079,12.70,41.67,0.07,0.16,139.82,4,15,2014,23,7,23,0,242.71,182.33,176.60,279.46,73.36,22.98,59.67,8F15FAAB-EAFD-4FDE-BDA5-D7CAD5EDD597
$KAAZING,37.4189529,-121.9785079,12.70,41.67,0.15,0.33,147.47,4,15,2014,23,7,24,0,242.93,182.33,176.60,279.46,73.38,22.99,59.61,8F15FAAB-EAFD-4FDE-BDA5-D7CAD5EDD597
$KAAZING,37.4189529,-121.9785079,12.70,41.67,0.15,0.33,147.47,4,15,2014,23,7,24,0,241.84,183.01,176.60,278.75,73.41,23.01,59.56,8F15FAAB-EAFD-4FDE-BDA5-D7CAD5EDD597
$KAAZING,37.4189529,-121.9785079,12.70,41.67,0.15,0.33,147.47,4,15,2014,23,7,24,0,242.39,182.33,176.60,279.46,73.41,23.01,59.65,8F15FAAB-EAFD-4FDE-BDA5-D7CAD5EDD597
$KAAZING,37.4189529,-121.9785079,12.70,41.67,0.03,0.07,20.54,4,15,2014,23,7,25,0,243.60,182.33,176.60,279.46,73.43,23.02,59.67,8F15FAAB-EAFD-4FDE-BDA5-D7CAD5EDD597
$KAAZING,37.4189529,-121.9785079,12.70,41.67,0.03,0.07,20.54,4,15,2014,23,7,25,0,242.77,182.43,175.88,284.04,73.43,23.02,59.56,8F15FAAB-EAFD-4FDE-BDA5-D7CAD5EDD597
$KAAZING,37.4189529,-121.9785079,12.70,41.67,0.03,0.07,20.54,4,15,2014,23,7,26,0,242.17,183.12,175.17,287.10,73.43,23.02,59.54,8F15FAAB-EAFD-4FDE-BDA5-D7CAD5EDD597
$KAAZING,37.4189529,-121.9785079,12.70,41.67,0.03,0.07,20.54,4,15,2014,23,7,26,0,242.00,182.43,176.59,279.46,73.43,23.02,59.51,8F15FAAB-EAFD-4FDE-BDA5-D7CAD5EDD597
$KAAZING,37.4189529,-121.9785079,12.70,41.67,0.03,0.07,20.54,4,15,2014,23,7,26,0,243.22,182.33,175.90,284.04,73.45,23.03,59.61,8F15FAAB-EAFD-4FDE-BDA5-D7CAD5EDD597
$KAAZING,37.4189529,-121.9785079,12.70,41.67,0.03,0.07,20.54,4,15,2014,23,7,27,0,242.32,182.33,175.90,284.04,73.45,23.03,59.62,8F15FAAB-EAFD-4FDE-BDA5-D7CAD5EDD597
$KAAZING,37.4189529,-121.9785079,12.70,41.67,0.03,0.07,20.54,4,15,2014,23,7,27,0,242.98,182.43,176.59,279.46,73.45,23.03,59.38,8F15FAAB-EAFD-4FDE-BDA5-D7CAD5EDD597
$KAAZING,37.4189529,-121.9785079,12.70,41.67,0.03,0.07,20.54,4,15,2014,23,7,27,0,242.71,182.43,176.59,279.46,73.45,23.03,59.05,8F15FAAB-EAFD-4FDE-BDA5-D7CAD5EDD597
$KAAZING,37.4189491,-121.9785079,12.70,41.67,0.03,0.07,20.54,4,15,2014,23,7,28,0,243.49,182.33,176.60,279.46,73.43,23.02,58.94,8F15FAAB-EAFD-4FDE-BDA5-D7CAD5EDD597
$KAAZING,37.4189491,-121.9785079,12.70,41.67,0.03,0.07,20.54,4,15,2014,23,7,28,0,244.06,182.23,175.93,284.04,73.43,23.02,58.87,8F15FAAB-EAFD-4FDE-BDA5-D7CAD5EDD597
$KAAZING,37.4189491,-121.9785079,12.70,41.67,0.03,0.07,20.54,4,15,2014,23,7,28,0,242.53,182.33,175.90,284.04,73.43,23.02,58.82,8F15FAAB-EAFD-4FDE-BDA5-D7CAD5EDD597
$KAAZING,37.4189491,-121.9785079,12.70,41.67,0.03,0.07,20.54,4,15,2014,23,7,29,0,242.16,182.43,176.59,279.46,73.41,23.01,58.80,8F15FAAB-EAFD-4FDE-BDA5-D7CAD5EDD597
$KAAZING,37.4189491,-121.9785079,12.70,41.67,0.03,0.07,20.54,4,15,2014,23,7,29,0,242.64,182.33,176.60,279.46,73.41,23.01,58.78,8F15FAAB-EAFD-4FDE-BDA5-D7CAD5EDD597
$KAAZING,37.4189491,-121.9785079,12.70,41.67,0.03,0.07,20.54,4,15,2014,23,7,29,0,241.80,182.33,176.60,279.46,73.41,23.01,58.80,8F15FAAB-EAFD-4FDE-BDA5-D7CAD5EDD597
$KAAZING,37.4189491,-121.9785079,12.70,41.67,0.03,0.07,20.54,4,15,2014,23,7,30,0,243.25,182.43,175.88,284.04,73.41,23.01,58.82,8F15FAAB-EAFD-4FDE-BDA5-D7CAD5EDD597
$KAAZING,37.4189491,-121.9785079,12.70,41.67,0.03,0.07,13.75,4,15,2014,23,7,30,0,242.65,183.01,175.90,282.99,73.43,23.02,58.69,8F15FAAB-EAFD-4FDE-BDA5-D7CAD5EDD597
$KAAZING,37.4189491,-121.9785079,12.70,41.67,0.03,0.07,13.75,4,15,2014,23,7,30,0,242.69,182.53,175.85,284.04,73.43,23.02,58.62,8F15FAAB-EAFD-4FDE-BDA5-D7CAD5EDD597
$KAAZING,37.4189491,-121.9785079,12.70,41.67,0.03,0.07,13.75,4,15,2014,23,7,30,0,243.06,182.23,176.62,279.46,73.43,23.02,58.53,8F15FAAB-EAFD-4FDE-BDA5-D7CAD5EDD597
$KAAZING,37.4189491,-121.9785079,12.70,41.67,0.04,0.08,114.42,4,15,2014,23,7,31,0,242.01,182.23,176.62,279.46,73.45,23.03,58.60,8F15FAAB-EAFD-4FDE-BDA5-D7CAD5EDD597
$KAAZING,37.4189491,-121.9785079,12.70,41.67,0.04,0.08,114.42,4,15,2014,23,7,31,0,241.16,182.33,176.60,279.46,73.49,23.05,58.61,8F15FAAB-EAFD-4FDE-BDA5-D7CAD5EDD597
$KAAZING,37.4189491,-121.9785079,12.70,41.67,0.04,0.08,114.42,4,15,2014,23,7,32,0,241.67,182.33,176.60,279.46,73.49,23.05,58.54,8F15FAAB-EAFD-4FDE-BDA5-D7CAD5EDD597
$KAAZING,37.4189491,-121.9785079,12.70,41.67,0.04,0.08,114.42,4,15,2014,23,7,32,0,243.15,182.33,175.90,284.04,73.45,23.03,58.39,8F15FAAB-EAFD-4FDE-BDA5-D7CAD5EDD597
$KAAZING,37.4189491,-121.9785079,12.70,41.67,0.04,0.08,114.42,4,15,2014,23,7,32,0,241.96,182.33,177.30,274.76,73.45,23.03,58.34,8F15FAAB-EAFD-4FDE-BDA5-D7CAD5EDD597
$KAAZING,37.4189491,-121.9785079,12.70,41.67,0.04,0.08,114.42,4,15,2014,23,7,33,0,242.04,182.43,176.59,279.46,73.49,23.05,58.30,8F15FAAB-EAFD-4FDE-BDA5-D7CAD5EDD597
$KAAZING,37.4189491,-121.9785079,12.70,41.67,0.04,0.08,114.42,4,15,2014,23,7,33,0,243.19,182.33,175.90,284.04,73.49,23.05,58.30,8F15FAAB-EAFD-4FDE-BDA5-D7CAD5EDD597
$KAAZING,37.4189491,-121.9785079,12.70,41.67,0.04,0.08,114.42,4,15,2014,23,7,33,0,243.45,182.33,175.90,284.04,73.49,23.05,58.30,8F15FAAB-EAFD-4FDE-BDA5-D7CAD5EDD597
$KAAZING,37.4189491,-121.9785079,12.70,41.67,0.04,0.08,114.42,4,15,2014,23,7,34,0,241.91,182.33,176.60,279.46,73.49,23.05,58.40,8F15FAAB-EAFD-4FDE-BDA5-D7CAD5EDD597
$KAAZING,37.4189491,-121.9785079,12.70,41.67,0.04,0.08,114.42,4,15,2014,23,7,34,0,242.60,182.33,175.90,284.04,73.51,23.06,58.42,8F15FAAB-EAFD-4FDE-BDA5-D7CAD5EDD597
$KAAZING,37.4189491,-121.9785079,12.70,41.67,0.04,0.08,114.42,4,15,2014,23,7,34,0,242.27,183.12,175.88,282.99,73.51,23.06,58.33,8F15FAAB-EAFD-4FDE-BDA5-D7CAD5EDD597
$KAAZING,37.4189491,-121.9785079,12.70,41.67,0.04,0.08,114.42,4,15,2014,23,7,35,0,242.12,182.33,177.30,274.76,73.51,23.06,58.24,8F15FAAB-EAFD-4FDE-BDA5-D7CAD5EDD597
$KAAZING,37.4189491,-121.9785079,12.70,41.67,0.04,0.08,114.42,4,15,2014,23,7,35,0,244.38,181.55,175.93,285.26,73.52,23.07,58.24,8F15FAAB-EAFD-4FDE-BDA5-D7CAD5EDD597
$KAAZING,37.4189491,-121.9785079,12.70,41.67,0.04,0.08,114.42,4,15,2014,23,7,35,0,241.68,182.23,176.62,279.46,73.52,23.07,58.26,8F15FAAB-EAFD-4FDE-BDA5-D7CAD5EDD597
$KAAZING,37.4189491,-121.9785079,12.70,41.67,0.06,0.14,134.35,4,15,2014,23,7,36,0,243.10,182.33,176.60,279.46,73.52,23.07,58.26,8F15FAAB-EAFD-4FDE-BDA5-D7CAD5EDD597
$KAAZING,37.4189491,-121.9785079,12.70,41.67,0.06,0.14,134.35,4,15,2014,23,7,36,0,241.09,183.01,177.30,274.40,73.56,23.09,58.30,8F15FAAB-EAFD-4FDE-BDA5-D7CAD5EDD597
$KAAZING,37.4189491,-121.9785079,12.70,41.67,0.06,0.14,134.35,4,15,2014,23,7,36,0,242.30,183.12,175.88,282.99,73.58,23.10,58.26,8F15FAAB-EAFD-4FDE-BDA5-D7CAD5EDD597
$KAAZING,37.4189491,-121.9785079,12.70,41.67,0.06,0.14,134.35,4,15,2014,23,7,36,0,242.04,182.33,176.60,279.46,73.61,23.12,58.27,8F15FAAB-EAFD-4FDE-BDA5-D7CAD5EDD597
$KAAZING,37.4189491,-121.9785079,12.70,41.67,0.06,0.14,134.35,4,15,2014,23,7,36,0,243.08,182.23,176.62,279.46,73.63,23.13,57.93,8F15FAAB-EAFD-4FDE-BDA5-D7CAD5EDD597
$KAAZING,37.4189491,-121.9785079,12.70,41.67,0.03,0.07,22.25,4,15,2014,23,7,37,0,243.50,182.33,175.90,284.04,73.61,23.12,57.71,8F15FAAB-EAFD-4FDE-BDA5-D7CAD5EDD597
$KAAZING,37.4189491,-121.9785079,12.70,41.67,0.03,0.07,22.25,4,15,2014,23,7,37,0,243.10,183.12,175.88,282.99,73.61,23.12,57.57,8F15FAAB-EAFD-4FDE-BDA5-D7CAD5EDD597
$KAAZING,37.4189491,-121.9785079,12.70,41.67,0.03,0.07,22.25,4,15,2014,23,7,37,0,243.33,182.33,175.90,284.04,73.58,23.10,57.46,8F15FAAB-EAFD-4FDE-BDA5-D7CAD5EDD597
$KAAZING,37.4189491,-121.9785079,12.60,41.34,0.03,0.07,22.25,4,15,2014,23,7,39,0,243.86,182.53,173.00,300.26,73.52,23.07,57.42,8F15FAAB-EAFD-4FDE-BDA5-D7CAD5EDD597
$KAAZING,37.4189491,-121.9785079,12.60,41.34,0.03,0.07,22.25,4,15,2014,23,7,39,0,237.31,179.31,183.97,221.63,73.56,23.09,57.42,8F15FAAB-EAFD-4FDE-BDA5-D7CAD5EDD597
$KAAZING,37.4189491,-121.9785079,12.60,41.34,0.03,0.07,22.25,4,15,2014,23,7,39,0,235.56,179.84,183.84,225.00,73.52,23.07,57.44,8F15FAAB-EAFD-4FDE-BDA5-D7CAD5EDD597
$KAAZING,37.4189491,-121.9785079,12.60,41.34,0.03,0.07,22.25,4,15,2014,23,7,39,0,255.27,177.72,167.70,340.35,73.51,23.06,57.44,8F15FAAB-EAFD-4FDE-BDA5-D7CAD5EDD597
$KAAZING,37.4189491,-121.9785079,12.60,41.34,0.03,0.07,22.25,4,15,2014,23,7,40,0,240.71,185.74,168.42,309.09,73.51,23.06,57.39,8F15FAAB-EAFD-4FDE-BDA5-D7CAD5EDD597
$KAAZING,37.4189491,-121.9785079,12.60,41.34,0.03,0.07,22.25,4,15,2014,23,7,40,0,244.10,178.50,181.86,229.40,73.52,23.07,57.42,8F15FAAB-EAFD-4FDE-BDA5-D7CAD5EDD597
$KAAZING,37.4189491,-121.9785079,12.60,41.34,0.03,0.07,22.25,4,15,2014,23,7,40,0,236.50,180.63,182.65,235.01,73.51,23.06,57.42,8F15FAAB-EAFD-4FDE-BDA5-D7CAD5EDD597
$KAAZING,37.4189491,-121.9785079,12.60,41.34,0.03,0.07,22.25,4,15,2014,23,7,41,0,246.68,180.95,172.43,308.66,73.49,23.05,57.39,8F15FAAB-EAFD-4FDE-BDA5-D7CAD5EDD597
$KAAZING,37.4189491,-121.9785079,12.60,41.34,0.03,0.07,22.25,4,15,2014,23,7,41,0,247.44,179.57,176.60,284.04,73.45,23.03,57.38,8F15FAAB-EAFD-4FDE-BDA5-D7CAD5EDD597
$KAAZING,37.4189491,-121.9785079,12.60,41.34,0.03,0.07,22.25,4,15,2014,23,7,41,0,239.04,179.14,181.86,233.13,73.45,23.03,57.43,8F15FAAB-EAFD-4FDE-BDA5-D7CAD5EDD597
$KAAZING,37.4189453,-121.9785079,12.60,41.34,0.03,0.07,22.25,4,15,2014,23,7,42,0,241.74,183.69,174.51,289.65,73.45,23.03,57.45,8F15FAAB-EAFD-4FDE-BDA5-D7CAD5EDD597
$KAAZING,37.4189453,-121.9785079,12.60,41.34,0.03,0.07,22.25,4,15,2014,23,7,42,0,245.85,185.77,166.23,315.00,73.51,23.06,57.56,8F15FAAB-EAFD-4FDE-BDA5-D7CAD5EDD597
$KAAZING,37.4189453,-121.9785079,12.60,41.34,0.03,0.07,22.25,4,15,2014,23,7,42,0,237.59,181.29,180.66,250.02,73.52,23.07,57.58,8F15FAAB-EAFD-4FDE-BDA5-D7CAD5EDD597
$KAAZING,37.4189453,-121.9785079,12.60,41.34,0.10,0.22,147.81,4,15,2014,23,7,43,0,240.26,182.53,175.85,284.04,73.58,23.10,57.58,8F15FAAB-EAFD-4FDE-BDA5-D7CAD5EDD597
$KAAZING,37.4189453,-121.9785079,12.60,41.34,0.10,0.22,147.81,4,15,2014,23,7,43,0,237.00,183.12,175.17,287.10,73.58,23.10,57.56,8F15FAAB-EAFD-4FDE-BDA5-D7CAD5EDD597
$KAAZING,37.4189453,-121.9785079,12.60,41.34,0.10,0.22,147.81,4,15,2014,23,7,43,0,240.95,182.43,176.59,279.46,73.56,23.09,57.51,8F15FAAB-EAFD-4FDE-BDA5-D7CAD5EDD597
$KAAZING,37.4189453,-121.9785079,12.60,41.34,0.10,0.22,147.81,4,15,2014,23,7,43,0,240.81,182.33,176.60,279.46,73.56,23.09,57.51,8F15FAAB-EAFD-4FDE-BDA5-D7CAD5EDD597
$KAAZING,37.4189453,-121.9785079,12.60,41.34,0.10,0.22,147.81,4,15,2014,23,7,43,0,239.72,182.33,176.60,279.46,73.56,23.09,57.56,8F15FAAB-EAFD-4FDE-BDA5-D7CAD5EDD597
$KAAZING,37.4189453,-121.9785079,12.50,41.01,0.10,0.22,147.81,4,15,2014,23,7,45,0,240.70,182.33,176.60,279.46,73.56,23.09,57.63,8F15FAAB-EAFD-4FDE-BDA5-D7CAD5EDD597
$KAAZING,37.4189453,-121.9785079,12.50,41.01,0.10,0.22,147.81,4,15,2014,23,7,45,0,239.73,182.43,176.59,279.46,73.58,23.10,57.68,8F15FAAB-EAFD-4FDE-BDA5-D7CAD5EDD597
$KAAZING,37.4189453,-121.9785079,12.50,41.01,0.10,0.22,147.81,4,15,2014,23,7,45,0,240.48,182.33,176.60,279.46,73.58,23.10,57.63,8F15FAAB-EAFD-4FDE-BDA5-D7CAD5EDD597
$KAAZING,37.4189453,-121.9785079,12.50,41.01,0.10,0.22,147.81,4,15,2014,23,7,46,0,241.55,181.73,176.59,280.30,73.58,23.10,57.63,8F15FAAB-EAFD-4FDE-BDA5-D7CAD5EDD597
$KAAZING,37.4189453,-121.9785079,12.50,41.01,0.10,0.22,147.81,4,15,2014,23,7,46,0,239.43,182.33,176.60,279.46,73.58,23.10,57.58,8F15FAAB-EAFD-4FDE-BDA5-D7CAD5EDD597
$KAAZING,37.4189453,-121.9785079,12.50,41.01,0.10,0.22,147.81,4,15,2014,23,7,46,0,239.46,182.33,176.60,279.46,73.58,23.10,57.60,8F15FAAB-EAFD-4FDE-BDA5-D7CAD5EDD597
$KAAZING,37.4189453,-121.9785079,12.50,41.01,0.10,0.22,147.81,4,15,2014,23,7,46,0,239.89,182.43,176.59,279.46,73.58,23.10,57.63,8F15FAAB-EAFD-4FDE-BDA5-D7CAD5EDD597
$KAAZING,37.4189453,-121.9785079,12.50,41.01,0.10,0.22,147.81,4,15,2014,23,7,47,0,239.14,182.33,176.60,279.46,73.58,23.10,57.63,8F15FAAB-EAFD-4FDE-BDA5-D7CAD5EDD597
$KAAZING,37.4189453,-121.9785079,12.50,41.01,0.10,0.22,147.81,4,15,2014,23,7,47,0,240.64,182.33,176.60,279.46,73.56,23.09,57.60,8F15FAAB-EAFD-4FDE-BDA5-D7CAD5EDD597
$KAAZING,37.4189453,-121.9785079,12.50,41.01,0.10,0.22,147.81,4,15,2014,23,7,48,0,240.71,182.43,175.88,284.04,73.56,23.09,57.54,8F15FAAB-EAFD-4FDE-BDA5-D7CAD5EDD597
$KAAZING,37.4189453,-121.9785079,12.50,41.01,0.10,0.22,147.81,4,15,2014,23,7,48,0,240.21,182.33,177.30,274.76,73.58,23.10,57.46,8F15FAAB-EAFD-4FDE-BDA5-D7CAD5EDD597
$KAAZING,37.4189453,-121.9785079,12.50,41.01,0.10,0.22,147.81,4,15,2014,23,7,48,0,240.08,182.33,177.30,274.76,73.58,23.10,57.42,8F15FAAB-EAFD-4FDE-BDA5-D7CAD5EDD597
$KAAZING,37.4189453,-121.9785079,12.50,41.01,0.10,0.22,147.81,4,15,2014,23,7,48,0,238.41,183.23,175.14,287.10,73.58,23.10,57.39,8F15FAAB-EAFD-4FDE-BDA5-D7CAD5EDD597
$KAAZING,37.4189453,-121.9785079,12.50,41.01,0.12,0.26,145.20,4,15,2014,23,7,49,0,241.12,182.23,176.62,279.46,73.58,23.10,57.39,8F15FAAB-EAFD-4FDE-BDA5-D7CAD5EDD597
$KAAZING,37.4189453,-121.9785079,12.50,41.01,0.12,0.26,145.20,4,15,2014,23,7,49,0,241.92,181.13,175.85,286.70,73.58,23.10,57.42,8F15FAAB-EAFD-4FDE-BDA5-D7CAD5EDD597
$KAAZING,37.4189453,-121.9785079,12.50,41.01,0.12,0.26,145.20,4,15,2014,23,7,49,0,242.67,182.64,174.38,292.62,73.58,23.10,57.42,8F15FAAB-EAFD-4FDE-BDA5-D7CAD5EDD597
$KAAZING,37.4189453,-121.9785079,12.50,41.01,0.12,0.26,143.54,4,15,2014,23,7,50,0,237.86,184.49,176.59,277.59,73.63,23.13,57.43,8F15FAAB-EAFD-4FDE-BDA5-D7CAD5EDD597
$KAAZING,37.4189453,-121.9785079,12.50,41.01,0.12,0.26,143.54,4,15,2014,23,7,50,0,236.06,180.56,181.95,239.04,73.63,23.13,57.45,8F15FAAB-EAFD-4FDE-BDA5-D7CAD5EDD597
$KAAZING,37.4189453,-121.9785079,12.50,41.01,0.12,0.26,143.54,4,15,2014,23,7,50,0,237.37,183.23,175.14,287.10,73.63,23.13,57.50,8F15FAAB-EAFD-4FDE-BDA5-D7CAD5EDD597
$KAAZING,37.4189453,-121.9785079,12.50,41.01,0.03,0.06,25.93,4,15,2014,23,7,51,0,235.01,184.01,177.33,273.81,73.65,23.14,57.47,8F15FAAB-EAFD-4FDE-BDA5-D7CAD5EDD597
$KAAZING,37.4189453,-121.9785079,12.50,41.01,0.03,0.06,25.93,4,15,2014,23,7,51,0,244.86,180.34,175.17,293.96,73.69,23.16,57.49,8F15FAAB-EAFD-4FDE-BDA5-D7CAD5EDD597
$KAAZING,37.4189453,-121.9785079,13.00,42.65,0.03,0.06,25.93,4,15,2014,23,7,52,0,241.61,186.30,175.06,283.24,73.69,23.16,57.54,8F15FAAB-EAFD-4FDE-BDA5-D7CAD5EDD597
$KAAZING,37.4189453,-121.9785079,13.00,42.65,0.03,0.06,25.93,4,15,2014,23,7,52,0,236.07,190.43,172.14,289.18,73.63,23.13,57.57,8F15FAAB-EAFD-4FDE-BDA5-D7CAD5EDD597
$KAAZING,37.4189453,-121.9785079,13.00,42.65,0.03,0.06,25.93,4,15,2014,23,7,52,0,247.48,189.83,159.05,320.44,73.58,23.10,57.63,8F15FAAB-EAFD-4FDE-BDA5-D7CAD5EDD597
$KAAZING,37.4189453,-121.9785079,13.10,42.98,0.03,0.06,25.93,4,15,2014,23,7,53,0,250.75,186.14,172.94,292.38,73.52,23.07,57.72,8F15FAAB-EAFD-4FDE-BDA5-D7CAD5EDD597
$KAAZING,37.4189453,-121.9785079,13.10,42.98,0.03,0.06,25.93,4,15,2014,23,7,53,0,247.59,187.72,175.34,280.78,73.45,23.03,57.81,8F15FAAB-EAFD-4FDE-BDA5-D7CAD5EDD597
$KAAZING,37.4189453,-121.9785079,13.10,42.98,0.03,0.06,25.93,4,15,2014,23,7,53,0,250.49,178.81,186.38,209.74,73.41,23.01,57.94,8F15FAAB-EAFD-4FDE-BDA5-D7CAD5EDD597
$KAAZING,37.4189453,-121.9785079,13.20,43.31,0.03,0.06,25.93,4,15,2014,23,7,54,0,261.14,180.84,186.53,218.66,73.32,22.96,58.09,8F15FAAB-EAFD-4FDE-BDA5-D7CAD5EDD597
$KAAZING,37.4189453,-121.9785079,13.20,43.31,0.03,0.06,25.93,4,15,2014,23,7,54,0,259.61,177.81,186.84,203.20,73.31,22.95,58.17,8F15FAAB-EAFD-4FDE-BDA5-D7CAD5EDD597
$KAAZING,37.4189453,-121.9785079,13.20,43.31,0.03,0.06,25.93,4,15,2014,23,7,54,0,274.95,186.53,181.71,253.74,73.25,22.92,58.24,8F15FAAB-EAFD-4FDE-BDA5-D7CAD5EDD597
$KAAZING,37.4189453,-121.9785003,13.50,44.29,0.03,0.06,25.93,4,15,2014,23,7,55,0,262.00,187.60,178.92,266.19,73.18,22.88,58.29,8F15FAAB-EAFD-4FDE-BDA5-D7CAD5EDD597
$KAAZING,37.4189453,-121.9785003,13.50,44.29,0.03,0.06,25.93,4,15,2014,23,7,55,0,266.03,186.04,178.76,266.42,73.12,22.85,58.26,8F15FAAB-EAFD-4FDE-BDA5-D7CAD5EDD597
$KAAZING,37.4189453,-121.9785003,13.50,44.29,0.03,0.06,25.93,4,15,2014,23,7,55,0,258.21,187.24,186.37,237.99,73.02,22.79,58.47,8F15FAAB-EAFD-4FDE-BDA5-D7CAD5EDD597
$KAAZING,37.4189453,-121.9785003,13.50,44.29,0.03,0.06,25.93,4,15,2014,23,7,55,0,257.72,185.59,183.13,246.37,72.89,22.72,58.71,8F15FAAB-EAFD-4FDE-BDA5-D7CAD5EDD597
$KAAZING,37.4189453,-121.9785003,13.50,44.29,0.40,0.89,98.97,4,15,2014,23,7,56,0,259.93,183.90,177.09,275.19,72.82,22.68,58.77,8F15FAAB-EAFD-4FDE-BDA5-D7CAD5EDD597
$KAAZING,37.4189453,-121.9785003,13.50,44.29,0.40,0.89,98.97,4,15,2014,23,7,56,0,260.08,176.79,189.04,194.04,72.76,22.65,59.00,8F15FAAB-EAFD-4FDE-BDA5-D7CAD5EDD597
$KAAZING,37.4189453,-121.9785003,13.50,44.29,0.40,0.89,98.97,4,15,2014,23,7,56,0,262.81,183.01,187.01,225.00,72.62,22.56,59.44,8F15FAAB-EAFD-4FDE-BDA5-D7CAD5EDD597
$KAAZING,37.4189453,-121.9785003,13.50,44.29,0.40,0.89,98.97,4,15,2014,23,7,56,0,264.41,180.79,187.46,215.54,72.49,22.49,59.84,8F15FAAB-EAFD-4FDE-BDA5-D7CAD5EDD597
$KAAZING,37.4189453,-121.9785003,13.50,44.29,0.40,0.89,98.97,4,15,2014,23,7,56,0,259.29,180.67,193.95,202.25,72.36,22.42,59.94,8F15FAAB-EAFD-4FDE-BDA5-D7CAD5EDD597
$KAAZING,37.4189453,-121.9785003,13.50,44.29,0.40,0.89,98.97,4,15,2014,23,7,56,0,258.09,181.13,191.36,207.76,72.34,22.41,60.17,8F15FAAB-EAFD-4FDE-BDA5-D7CAD5EDD597
$KAAZING,37.4189453,-121.9785003,13.50,44.29,0.40,0.89,98.97,4,15,2014,23,7,56,0,257.72,179.38,189.96,203.96,72.29,22.38,60.36,8F15FAAB-EAFD-4FDE-BDA5-D7CAD5EDD597
$KAAZING,37.4189453,-121.9785003,13.50,44.29,0.40,0.89,98.97,4,15,2014,23,7,56,0,267.76,193.56,180.26,263.66,72.24,22.35,60.65,8F15FAAB-EAFD-4FDE-BDA5-D7CAD5EDD597
$KAAZING,37.4189567,-121.9784927,17.10,56.10,0.40,0.89,98.97,4,15,2014,23,7,59,0,259.37,183.18,188.30,221.63,72.18,22.32,60.90,8F15FAAB-EAFD-4FDE-BDA5-D7CAD5EDD597
$KAAZING,37.4189567,-121.9784927,17.10,56.10,0.40,0.89,98.97,4,15,2014,23,7,59,0,256.04,180.48,188.30,212.01,72.16,22.31,61.08,8F15FAAB-EAFD-4FDE-BDA5-D7CAD5EDD597
$KAAZING,37.4189567,-121.9784927,17.10,56.10,0.40,0.89,98.97,4,15,2014,23,7,59,0,272.05,180.54,192.60,203.75,72.09,22.27,61.32,8F15FAAB-EAFD-4FDE-BDA5-D7CAD5EDD597
$KAAZING,37.4189643,-121.9785003,17.90,58.73,0.40,0.89,98.97,4,15,2014,23,8,0,0,278.90,181.04,189.85,210.47,72.02,22.23,61.56,8F15FAAB-EAFD-4FDE-BDA5-D7CAD5EDD597
$KAAZING,37.4189643,-121.9785003,17.90,58.73,0.40,0.89,98.97,4,15,2014,23,8,0,0,295.66,193.59,171.23,288.43,71.96,22.20,61.67,8F15FAAB-EAFD-4FDE-BDA5-D7CAD5EDD597
$KAAZING,37.4189643,-121.9785003,17.90,58.73,0.40,0.89,98.97,4,15,2014,23,8,0,0,291.54,178.24,185.73,208.61,71.91,22.17,61.77,8F15FAAB-EAFD-4FDE-BDA5-D7CAD5EDD597
$KAAZING,37.4189682,-121.9785003,17.90,58.73,0.25,0.56,61.35,4,15,2014,23,8,1,0,311.11,190.96,186.33,244.36,71.82,22.12,61.52,8F15FAAB-EAFD-4FDE-BDA5-D7CAD5EDD597
$KAAZING,37.4189682,-121.9785003,17.90,58.73,0.25,0.56,61.35,4,15,2014,23,8,1,0,313.80,191.72,189.08,238.50,71.76,22.09,61.13,8F15FAAB-EAFD-4FDE-BDA5-D7CAD5EDD597
$KAAZING,37.4189682,-121.9785003,17.90,58.73,0.25,0.56,61.35,4,15,2014,23,8,1,0,317.55,182.64,187.34,222.71,71.69,22.05,61.15,8F15FAAB-EAFD-4FDE-BDA5-D7CAD5EDD597
$KAAZING,37.4189682,-121.9785003,17.90,58.73,0.25,0.56,61.35,4,15,2014,23,8,1,0,344.09,199.46,162.90,299.54,71.57,21.98,61.09,8F15FAAB-EAFD-4FDE-BDA5-D7CAD5EDD597
$KAAZING,37.4189682,-121.9785003,17.90,58.73,0.25,0.56,61.35,4,15,2014,23,8,1,0,348.86,187.59,184.89,243.43,71.49,21.94,61.17,8F15FAAB-EAFD-4FDE-BDA5-D7CAD5EDD597
$KAAZING,37.4189605,-121.9784927,17.90,58.73,0.82,1.83,88.58,4,15,2014,23,8,2,0,7.65,189.14,169.96,297.55,71.46,21.92,61.29,8F15FAAB-EAFD-4FDE-BDA5-D7CAD5EDD597
$KAAZING,37.4189605,-121.9784927,17.90,58.73,0.82,1.83,88.58,4,15,2014,23,8,2,0,12.01,185.67,183.59,244.65,71.49,21.94,61.35,8F15FAAB-EAFD-4FDE-BDA5-D7CAD5EDD597
$KAAZING,37.4189605,-121.9784927,17.90,58.73,0.82,1.83,88.58,4,15,2014,23,8,2,0,22.87,180.87,175.93,286.70,71.49,21.94,61.38,8F15FAAB-EAFD-4FDE-BDA5-D7CAD5EDD597
$KAAZING,37.4189567,-121.9784545,19.50,63.98,0.82,1.83,88.58,4,15,2014,23,8,4,0,42.79,175.83,182.26,203.20,71.49,21.94,61.56,8F15FAAB-EAFD-4FDE-BDA5-D7CAD5EDD597
$KAAZING,37.4189567,-121.9784545,19.50,63.98,0.82,1.83,88.58,4,15,2014,23,8,4,0,76.20,181.64,184.26,230.71,71.49,21.94,61.76,8F15FAAB-EAFD-4FDE-BDA5-D7CAD5EDD597
$KAAZING,37.4189567,-121.9784545,19.50,63.98,0.82,1.83,88.58,4,15,2014,23,8,4,0,92.35,181.21,175.10,291.80,71.46,21.92,61.85,8F15FAAB-EAFD-4FDE-BDA5-D7CAD5EDD597
$KAAZING,37.4189567,-121.9784545,19.50,63.98,0.82,1.83,88.58,4,15,2014,23,8,4,0,110.68,180.79,173.24,304.99,71.38,21.88,62.10,8F15FAAB-EAFD-4FDE-BDA5-D7CAD5EDD597
$KAAZING,37.4189529,-121.9784317,19.80,64.96,0.82,1.83,88.58,4,15,2014,23,8,5,0,123.09,177.45,173.18,324.46,71.33,21.85,62.45,8F15FAAB-EAFD-4FDE-BDA5-D7CAD5EDD597
$KAAZING,37.4189529,-121.9784317,19.80,64.96,0.82,1.83,88.58,4,15,2014,23,8,5,0,132.01,174.57,190.29,182.60,71.29,21.83,62.63,8F15FAAB-EAFD-4FDE-BDA5-D7CAD5EDD597
$KAAZING,37.4189529,-121.9784317,19.80,64.96,0.82,1.83,88.58,4,15,2014,23,8,5,0,123.36,185.43,178.00,270.00,71.22,21.79,63.04,8F15FAAB-EAFD-4FDE-BDA5-D7CAD5EDD597
$KAAZING,37.4189453,-121.9784164,20.00,65.62,0.82,1.83,88.58,4,15,2014,23,8,6,0,105.48,198.59,156.70,310.43,71.13,21.74,63.89,8F15FAAB-EAFD-4FDE-BDA5-D7CAD5EDD597
$KAAZING,37.4189453,-121.9784164,20.00,65.62,0.82,1.83,88.58,4,15,2014,23,8,6,0,124.26,163.70,182.55,113.63,71.13,21.74,63.87,8F15FAAB-EAFD-4FDE-BDA5-D7CAD5EDD597
$KAAZING,37.4189453,-121.9784164,20.00,65.62,0.82,1.83,88.58,4,15,2014,23,8,6,0,117.38,174.00,188.20,180.00,71.09,21.72,64.06,8F15FAAB-EAFD-4FDE-BDA5-D7CAD5EDD597
$KAAZING,37.4189453,-121.9784164,20.00,65.62,0.82,1.83,88.58,4,15,2014,23,8,6,0,111.47,179.71,184.97,219.29,71.04,21.69,64.63,8F15FAAB-EAFD-4FDE-BDA5-D7CAD5EDD597
$KAAZING,37.4189453,-121.9784164,20.00,65.62,0.82,1.83,88.58,4,15,2014,23,8,6,0,125.90,171.51,184.82,160.02,70.99,21.66,64.28,8F15FAAB-EAFD-4FDE-BDA5-D7CAD5EDD597
$KAAZING,37.4189376,-121.9784164,20.00,65.62,0.55,1.23,37.04,4,15,2014,23,8,7,0,109.50,180.15,161.71,339.78,70.91,21.62,64.60,8F15FAAB-EAFD-4FDE-BDA5-D7CAD5EDD597
$KAAZING,37.4189376,-121.9784164,20.00,65.62,0.55,1.23,37.04,4,15,2014,23,8,7,0,107.08,185.59,177.27,273.58,70.84,21.58,64.84,8F15FAAB-EAFD-4FDE-BDA5-D7CAD5EDD597
$KAAZING,37.4189376,-121.9784164,20.00,65.62,0.55,1.23,37.04,4,15,2014,23,8,7,0,94.23,183.09,168.91,315.00,70.79,21.55,64.97,8F15FAAB-EAFD-4FDE-BDA5-D7CAD5EDD597
$KAAZING,37.4189605,-121.9784088,20.60,67.59,0.55,1.23,37.04,4,15,2014,23,8,9,0,65.88,171.66,181.50,146.31,70.70,21.50,64.88,8F15FAAB-EAFD-4FDE-BDA5-D7CAD5EDD597
$KAAZING,37.4189605,-121.9784088,20.60,67.59,0.55,1.23,37.04,4,15,2014,23,8,9,0,78.71,176.23,185.40,196.70,70.64,21.47,64.59,8F15FAAB-EAFD-4FDE-BDA5-D7CAD5EDD597
$KAAZING,37.4189605,-121.9784088,20.60,67.59,0.55,1.23,37.04,4,15,2014,23,8,9,0,78.66,178.60,179.32,254.05,70.64,21.47,64.43,8F15FAAB-EAFD-4FDE-BDA5-D7CAD5EDD597
$KAAZING,37.4189605,-121.9784088,20.60,67.59,0.55,1.23,37.04,4,15,2014,23,8,9,0,67.23,171.78,185.74,164.05,70.51,21.40,64.31,8F15FAAB-EAFD-4FDE-BDA5-D7CAD5EDD597
$KAAZING,37.4189720,-121.9784088,20.60,67.59,0.55,1.23,37.04,4,15,2014,23,8,10,0,45.91,177.27,170.67,336.04,70.42,21.35,64.34,8F15FAAB-EAFD-4FDE-BDA5-D7CAD5EDD597
$KAAZING,37.4189720,-121.9784088,20.60,67.59,0.55,1.23,37.04,4,15,2014,23,8,10,0,39.67,185.45,166.55,315.00,70.42,21.35,64.34,8F15FAAB-EAFD-4FDE-BDA5-D7CAD5EDD597
$KAAZING,37.4189720,-121.9784088,20.60,67.59,0.55,1.23,37.04,4,15,2014,23,8,10,0,25.37,184.52,155.50,335.85,70.35,21.31,64.48,8F15FAAB-EAFD-4FDE-BDA5-D7CAD5EDD597
$KAAZING,37.4189834,-121.9784164,20.90,68.57,0.55,1.23,37.04,4,15,2014,23,8,11,0,18.12,191.62,164.12,307.88,70.31,21.29,64.50,8F15FAAB-EAFD-4FDE-BDA5-D7CAD5EDD597
$KAAZING,37.4189834,-121.9784164,20.90,68.57,0.55,1.23,37.04,4,15,2014,23,8,11,0,10.16,178.09,165.91,341.57,70.30,21.28,64.55,8F15FAAB-EAFD-4FDE-BDA5-D7CAD5EDD597
$KAAZING,37.4189834,-121.9784164,20.90,68.57,0.55,1.23,37.04,4,15,2014,23,8,11,0,5.16,189.33,153.70,328.74,70.28,21.27,64.69,8F15FAAB-EAFD-4FDE-BDA5-D7CAD5EDD597
$KAAZING,37.4189834,-121.9784164,20.90,68.57,0.55,1.23,37.04,4,15,2014,23,8,11,0,354.14,171.83,178.00,90.00,70.30,21.28,64.84,8F15FAAB-EAFD-4FDE-BDA5-D7CAD5EDD597
$KAAZING,37.4189834,-121.9784164,20.90,68.57,0.55,1.23,37.04,4,15,2014,23,8,11,0,345.36,186.14,176.77,275.71,70.31,21.29,64.90,8F15FAAB-EAFD-4FDE-BDA5-D7CAD5EDD597
$KAAZING,37.4189872,-121.9784317,20.90,68.57,1.56,3.49,287.98,4,15,2014,23,8,12,0,348.61,193.48,175.90,275.91,70.35,21.31,65.01,8F15FAAB-EAFD-4FDE-BDA5-D7CAD5EDD597
$KAAZING,37.4189910,-121.9784545,20.90,68.57,2.12,4.74,267.69,4,15,2014,23,8,13,0,349.58,176.97,170.60,338.20,70.37,21.32,65.17,8F15FAAB-EAFD-4FDE-BDA5-D7CAD5EDD597
$KAAZING,37.4189910,-121.9784545,20.90,68.57,2.12,4.74,267.69,4,15,2014,23,8,13,0,352.13,193.40,176.39,274.57,70.39,21.33,65.23,8F15FAAB-EAFD-4FDE-BDA5-D7CAD5EDD597
$KAAZING,37.4189834,-121.9784851,23.40,76.77,2.12,4.74,267.69,4,15,2014,23,8,14,0,352.27,195.09,159.08,311.63,70.42,21.35,65.38,8F15FAAB-EAFD-4FDE-BDA5-D7CAD5EDD597
$KAAZING,37.4189834,-121.9784851,23.40,76.77,2.12,4.74,267.69,4,15,2014,23,8,14,0,347.02,176.57,183.77,203.96,70.44,21.36,65.56,8F15FAAB-EAFD-4FDE-BDA5-D7CAD5EDD597
$KAAZING,37.4189834,-121.9784851,23.40,76.77,2.12,4.74,267.69,4,15,2014,23,8,14,0,351.81,182.40,178.65,265.60,70.48,21.38,65.57,8F15FAAB-EAFD-4FDE-BDA5-D7CAD5EDD597
$KAAZING,37.4189720,-121.9785003,24.40,80.05,2.12,4.74,267.69,4,15,2014,23,8,15,0,355.84,194.16,168.66,294.15,70.50,21.39,65.64,8F15FAAB-EAFD-4FDE-BDA5-D7CAD5EDD597
$KAAZING,37.4189720,-121.9785003,24.40,80.05,2.12,4.74,267.69,4,15,2014,23,8,15,0,356.32,191.16,167.99,299.74,70.50,21.39,65.75,8F15FAAB-EAFD-4FDE-BDA5-D7CAD5EDD597
$KAAZING,37.4189720,-121.9785003,24.40,80.05,2.12,4.74,267.69,4,15,2014,23,8,15,0,354.90,189.95,178.74,267.40,70.51,21.40,66.01,8F15FAAB-EAFD-4FDE-BDA5-D7CAD5EDD597
$KAAZING,37.4189720,-121.9785003,24.40,80.05,2.12,4.74,267.69,4,15,2014,23,8,15,0,356.43,179.71,178.00,270.00,70.51,21.40,66.45,8F15FAAB-EAFD-4FDE-BDA5-D7CAD5EDD597
$KAAZING,37.4189605,-121.9785079,24.80,81.36,2.12,4.74,267.69,4,15,2014,23,8,16,0,355.15,174.00,171.37,360.00,70.55,21.42,66.69,8F15FAAB-EAFD-4FDE-BDA5-D7CAD5EDD597
$KAAZING,37.4189605,-121.9785079,24.80,81.36,2.12,4.74,267.69,4,15,2014,23,8,16,0,351.85,178.21,185.20,210.26,70.59,21.44,66.80,8F15FAAB-EAFD-4FDE-BDA5-D7CAD5EDD597
$KAAZING,37.4189605,-121.9785079,24.80,81.36,2.12,4.74,267.69,4,15,2014,23,8,16,0,354.89,190.10,185.05,246.80,70.57,21.43,67.06,8F15FAAB-EAFD-4FDE-BDA5-D7CAD5EDD597
$KAAZING,37.4189567,-121.9785232,24.70,81.04,2.12,4.74,267.69,4,15,2014,23,8,17,0,347.79,178.30,188.95,201.25,70.59,21.44,67.41,8F15FAAB-EAFD-4FDE-BDA5-D7CAD5EDD597
$KAAZING,37.4189567,-121.9785232,24.70,81.04,2.12,4.74,267.69,4,15,2014,23,8,17,0,347.91,172.74,187.97,172.87,70.59,21.44,67.76,8F15FAAB-EAFD-4FDE-BDA5-D7CAD5EDD597
$KAAZING,37.4189567,-121.9785232,24.70,81.04,2.12,4.74,267.69,4,15,2014,23,8,17,0,344.41,162.15,177.29,86.63,70.62,21.46,67.90,8F15FAAB-EAFD-4FDE-BDA5-D7CAD5EDD597
$KAAZING,37.4189491,-121.9785385,24.70,81.04,1.48,3.31,251.69,4,15,2014,23,8,18,0,336.75,180.63,176.00,286.70,70.62,21.46,67.69,8F15FAAB-EAFD-4FDE-BDA5-D7CAD5EDD597
$KAAZING,37.4189491,-121.9785385,24.70,81.04,1.48,3.31,251.69,4,15,2014,23,8,18,0,331.82,180.24,167.38,329.74,70.64,21.47,67.31,8F15FAAB-EAFD-4FDE-BDA5-D7CAD5EDD597
$KAAZING,37.4189491,-121.9785385,24.70,81.04,1.48,3.31,251.69,4,15,2014,23,8,18,0,324.29,182.31,183.77,235.30,70.64,21.47,67.03,8F15FAAB-EAFD-4FDE-BDA5-D7CAD5EDD597
$KAAZING,37.4189414,-121.9785537,24.70,81.04,1.72,3.86,244.74,4,15,2014,23,8,19,0,311.55,197.01,183.48,257.28,70.68,21.49,67.07,8F15FAAB-EAFD-4FDE-BDA5-D7CAD5EDD597
$KAAZING,37.4189414,-121.9785537,24.70,81.04,1.72,3.86,244.74,4,15,2014,23,8,19,0,304.92,179.71,172.29,315.00,70.68,21.49,67.53,8F15FAAB-EAFD-4FDE-BDA5-D7CAD5EDD597
$KAAZING,37.4189414,-121.9785537,24.70,81.04,1.72,3.86,244.74,4,15,2014,23,8,19,0,290.00,188.04,192.04,225.00,70.64,21.47,67.25,8F15FAAB-EAFD-4FDE-BDA5-D7CAD5EDD597
$KAAZING,37.4189338,-121.9785690,24.70,81.04,1.81,4.05,231.80,4,15,2014,23,8,20,0,284.16,188.04,184.82,244.44,70.62,21.46,67.18,8F15FAAB-EAFD-4FDE-BDA5-D7CAD5EDD597
$KAAZING,37.4189338,-121.9785690,24.70,81.04,1.81,4.05,231.80,4,15,2014,23,8,20,0,293.13,199.89,171.29,283.63,70.59,21.44,66.89,8F15FAAB-EAFD-4FDE-BDA5-D7CAD5EDD597
$KAAZING,37.4189224,-121.9785842,26.70,87.60,1.81,4.05,231.80,4,15,2014,23,8,21,0,293.00,193.54,165.28,302.47,70.51,21.40,66.71,8F15FAAB-EAFD-4FDE-BDA5-D7CAD5EDD597
$KAAZING,37.4189224,-121.9785842,26.70,87.60,1.81,4.05,231.80,4,15,2014,23,8,21,0,283.97,181.83,180.86,250.02,70.50,21.39,66.76,8F15FAAB-EAFD-4FDE-BDA5-D7CAD5EDD597
$KAAZING,37.4189224,-121.9785842,26.70,87.60,1.81,4.05,231.80,4,15,2014,23,8,21,0,288.04,190.50,176.59,274.76,70.48,21.38,66.83,8F15FAAB-EAFD-4FDE-BDA5-D7CAD5EDD597
$KAAZING,37.4188995,-121.9785919,27.00,88.58,1.81,4.05,231.80,4,15,2014,23,8,22,0,287.53,185.02,181.72,251.57,70.39,21.33,66.90,8F15FAAB-EAFD-4FDE-BDA5-D7CAD5EDD597
$KAAZING,37.4188995,-121.9785919,27.00,88.58,1.81,4.05,231.80,4,15,2014,23,8,22,0,289.50,194.98,173.30,282.09,70.35,21.31,67.09,8F15FAAB-EAFD-4FDE-BDA5-D7CAD5EDD597
$KAAZING,37.4188995,-121.9785919,27.00,88.58,1.81,4.05,231.80,4,15,2014,23,8,22,0,291.72,201.22,169.07,286.99,70.30,21.28,67.17,8F15FAAB-EAFD-4FDE-BDA5-D7CAD5EDD597
$KAAZING,37.4188804,-121.9785919,27.40,89.90,1.81,4.05,231.80,4,15,2014,23,8,23,0,282.85,183.16,174.31,291.80,70.31,21.29,67.38,8F15FAAB-EAFD-4FDE-BDA5-D7CAD5EDD597
$KAAZING,37.4188804,-121.9785919,27.40,89.90,1.81,4.05,231.80,4,15,2014,23,8,23,0,283.26,181.70,181.09,248.20,70.31,21.29,67.48,8F15FAAB-EAFD-4FDE-BDA5-D7CAD5EDD597
$KAAZING,37.4188804,-121.9785919,27.40,89.90,1.81,4.05,231.80,4,15,2014,23,8,23,0,282.11,191.65,190.18,235.84,70.28,21.27,67.54,8F15FAAB-EAFD-4FDE-BDA5-D7CAD5EDD597
$KAAZING,37.4188652,-121.9785919,27.40,89.90,1.81,4.05,231.80,4,15,2014,23,8,24,0,283.68,191.82,184.79,249.68,70.19,21.22,67.89,8F15FAAB-EAFD-4FDE-BDA5-D7CAD5EDD597
$KAAZING,37.4188652,-121.9785919,27.40,89.90,1.81,4.05,231.80,4,15,2014,23,8,24,0,283.23,191.05,184.09,250.82,70.12,21.18,68.01,8F15FAAB-EAFD-4FDE-BDA5-D7CAD5EDD597
$KAAZING,37.4188652,-121.9785919,27.40,89.90,1.81,4.05,231.80,4,15,2014,23,8,24,0,278.82,187.20,192.53,222.14,70.04,21.13,68.20,8F15FAAB-EAFD-4FDE-BDA5-D7CAD5EDD597
$KAAZING,37.4188652,-121.9785919,27.40,89.90,1.81,4.05,231.80,4,15,2014,23,8,24,0,275.68,180.67,184.67,225.00,69.95,21.08,68.32,8F15FAAB-EAFD-4FDE-BDA5-D7CAD5EDD597
$KAAZING,37.4188537,-121.9785919,27.40,89.90,1.46,3.27,153.09,4,15,2014,23,8,25,0,275.75,186.38,187.01,234.16,69.92,21.06,68.50,8F15FAAB-EAFD-4FDE-BDA5-D7CAD5EDD597
$KAAZING,37.4188537,-121.9785919,27.40,89.90,1.46,3.27,153.09,4,15,2014,23,8,25,0,279.90,182.13,183.44,236.31,69.86,21.03,68.61,8F15FAAB-EAFD-4FDE-BDA5-D7CAD5EDD597
$KAAZING,37.4188537,-121.9785919,27.40,89.90,1.46,3.27,153.09,4,15,2014,23,8,25,0,278.57,196.02,185.05,253.01,69.77,20.98,68.66,8F15FAAB-EAFD-4FDE-BDA5-D7CAD5EDD597
$KAAZING,37.4188423,-121.9785766,27.40,89.90,1.93,4.32,154.47,4,15,2014,23,8,26,0,281.53,199.20,173.79,278.88,69.72,20.95,68.78,8F15FAAB-EAFD-4FDE-BDA5-D7CAD5EDD597
$KAAZING,37.4188423,-121.9785766,27.40,89.90,1.93,4.32,154.47,4,15,2014,23,8,26,0,275.08,183.81,189.85,219.47,69.70,20.94,68.99,8F15FAAB-EAFD-4FDE-BDA5-D7CAD5EDD597
$KAAZING,37.4188423,-121.9785766,27.40,89.90,1.93,4.32,154.47,4,15,2014,23,8,26,0,278.48,192.43,180.29,263.16,69.63,20.90,68.95,8F15FAAB-EAFD-4FDE-BDA5-D7CAD5EDD597
$KAAZING,37.4188423,-121.9785766,27.40,89.90,1.93,4.32,154.47,4,15,2014,23,8,26,0,277.47,191.10,180.64,261.47,69.52,20.84,69.24,8F15FAAB-EAFD-4FDE-BDA5-D7CAD5EDD597
$KAAZING,37.4188423,-121.9785766,27.40,89.90,1.93,4.32,154.47,4,15,2014,23,8,26,0,284.26,195.34,166.52,297.47,69.50,20.83,69.28,8F15FAAB-EAFD-4FDE-BDA5-D7CAD5EDD597
$KAAZING,37.4188423,-121.9785766,27.40,89.90,1.93,4.32,154.47,4,15,2014,23,8,26,0,276.08,175.32,187.14,188.13,69.46,20.81,69.17,8F15FAAB-EAFD-4FDE-BDA5-D7CAD5EDD597
$KAAZING,37.4188423,-121.9785766,27.40,89.90,1.93,4.32,154.47,4,15,2014,23,8,26,0,280.23,189.26,181.72,256.61,69.44,20.80,69.19,8F15FAAB-EAFD-4FDE-BDA5-D7CAD5EDD597
$KAAZING,37.4188423,-121.9785766,27.40,89.90,1.93,4.32,154.47,4,15,2014,23,8,26,0,275.35,180.27,192.77,202.62,69.43,20.79,69.55,8F15FAAB-EAFD-4FDE-BDA5-D7CAD5EDD597
$KAAZING,37.4187965,-121.9785385,26.30,86.29,1.93,4.32,154.47,4,15,2014,23,8,29,0,278.56,183.37,197.32,205.20,69.39,20.77,69.96,8F15FAAB-EAFD-4FDE-BDA5-D7CAD5EDD597
$KAAZING,37.4187965,-121.9785385,26.30,86.29,1.93,4.32,154.47,4,15,2014,23,8,29,0,276.65,181.87,194.59,204.90,69.39,20.77,70.02,8F15FAAB-EAFD-4FDE-BDA5-D7CAD5EDD597
$KAAZING,37.4187965,-121.9785385,26.30,86.29,1.93,4.32,154.47,4,15,2014,23,8,29,0,274.26,195.43,174.38,279.16,69.39,20.77,70.19,8F15FAAB-EAFD-4FDE-BDA5-D7CAD5EDD597
$KAAZING,37.4187850,-121.9785232,25.90,84.97,1.93,4.32,154.47,4,15,2014,23,8,30,0,265.86,201.35,161.66,299.54,69.39,20.77,70.37,8F15FAAB-EAFD-4FDE-BDA5-D7CAD5EDD597
$KAAZING,37.4187850,-121.9785232,25.90,84.97,1.93,4.32,154.47,4,15,2014,23,8,30,0,237.97,179.48,175.65,293.20,69.39,20.77,70.39,8F15FAAB-EAFD-4FDE-BDA5-D7CAD5EDD597
$KAAZING,37.4187850,-121.9785232,25.90,84.97,1.93,4.32,154.47,4,15,2014,23,8,30,0,225.01,177.09,185.70,201.80,69.43,20.79,70.48,8F15FAAB-EAFD-4FDE-BDA5-D7CAD5EDD597
$KAAZING,37.4187736,-121.9785003,25.70,84.32,1.93,4.32,154.47,4,15,2014,23,8,31,0,215.64,179.19,183.93,221.19,69.43,20.79,70.57,8F15FAAB-EAFD-4FDE-BDA5-D7CAD5EDD597
$KAAZING,37.4187736,-121.9785003,25.70,84.32,1.93,4.32,154.47,4,15,2014,23,8,31,0,212.17,193.86,178.80,267.80,69.39,20.77,70.69,8F15FAAB-EAFD-4FDE-BDA5-D7CAD5EDD597
$KAAZING,37.4187736,-121.9785003,25.70,84.32,1.93,4.32,154.47,4,15,2014,23,8,31,0,202.26,176.57,193.69,189.09,69.39,20.77,70.80,8F15FAAB-EAFD-4FDE-BDA5-D7CAD5EDD597
$KAAZING,37.4187736,-121.9785003,25.70,84.32,1.93,4.32,154.47,4,15,2014,23,8,31,0,198.38,178.26,195.70,193.13,69.34,20.74,71.20,8F15FAAB-EAFD-4FDE-BDA5-D7CAD5EDD597
$KAAZING,37.4187736,-121.9785003,25.70,84.32,1.93,4.32,154.47,4,15,2014,23,8,31,0,199.95,183.01,182.18,245.22,69.32,20.73,70.71,8F15FAAB-EAFD-4FDE-BDA5-D7CAD5EDD597
$KAAZING,37.4187622,-121.9784774,25.70,84.32,2.44,5.45,120.65,4,15,2014,23,8,32,0,182.83,183.46,171.09,306.03,69.26,20.70,70.33,8F15FAAB-EAFD-4FDE-BDA5-D7CAD5EDD597
$KAAZING,37.4187545,-121.9784545,25.70,84.32,2.21,4.94,105.31,4,15,2014,23,8,33,0,180.83,163.16,194.03,146.31,69.25,20.69,70.42,8F15FAAB-EAFD-4FDE-BDA5-D7CAD5EDD597
$KAAZING,37.4187545,-121.9784545,25.70,84.32,2.21,4.94,105.31,4,15,2014,23,8,33,0,163.44,181.28,189.43,212.28,69.23,20.68,70.27,8F15FAAB-EAFD-4FDE-BDA5-D7CAD5EDD597
$KAAZING,37.4187545,-121.9784317,26.60,87.27,2.21,4.94,105.31,4,15,2014,23,8,34,0,134.95,179.92,165.24,335.38,69.14,20.63,70.95,8F15FAAB-EAFD-4FDE-BDA5-D7CAD5EDD597
$KAAZING,37.4187545,-121.9784317,26.60,87.27,2.21,4.94,105.31,4,15,2014,23,8,34,0,137.39,188.21,170.07,298.81,69.14,20.63,71.19,8F15FAAB-EAFD-4FDE-BDA5-D7CAD5EDD597
$KAAZING,37.4187545,-121.9784317,26.60,87.27,2.21,4.94,105.31,4,15,2014,23,8,34,0,152.55,172.11,186.75,167.91,69.14,20.63,71.31,8F15FAAB-EAFD-4FDE-BDA5-D7CAD5EDD597
$KAAZING,37.4187622,-121.9784088,27.00,88.58,2.21,4.94,105.31,4,15,2014,23,8,35,0,138.84,179.25,172.09,318.37,69.14,20.63,71.50,8F15FAAB-EAFD-4FDE-BDA5-D7CAD5EDD597
$KAAZING,37.4187622,-121.9784088,27.00,88.58,2.21,4.94,105.31,4,15,2014,23,8,35,0,154.97,179.77,192.49,201.37,69.14,20.63,71.84,8F15FAAB-EAFD-4FDE-BDA5-D7CAD5EDD597
$KAAZING,37.4187622,-121.9784088,27.00,88.58,2.21,4.94,105.31,4,15,2014,23,8,35,0,135.80,191.22,176.85,273.69,69.19,20.66,72.22,8F15FAAB-EAFD-4FDE-BDA5-D7CAD5EDD597
$KAAZING,37.4187850,-121.9783630,27.30,89.57,2.21,4.94,105.31,4,15,2014,23,8,36,0,134.65,177.75,159.00,349.22,69.25,20.69,72.37,8F15FAAB-EAFD-4FDE-BDA5-D7CAD5EDD597
$KAAZING,37.4187850,-121.9783630,27.30,89.57,2.21,4.94,105.31,4,15,2014,23,8,36,0,131.64,162.69,152.98,23.20,69.30,20.72,72.00,8F15FAAB-EAFD-4FDE-BDA5-D7CAD5EDD597
$KAAZING,37.4187850,-121.9783630,27.30,89.57,2.21,4.94,105.31,4,15,2014,23,8,36,0,141.06,175.49,155.43,356.42,69.32,20.73,71.89,8F15FAAB-EAFD-4FDE-BDA5-D7CAD5EDD597
$KAAZING,37.4187850,-121.9783630,27.30,89.57,2.21,4.94,105.31,4,15,2014,23,8,36,0,151.87,180.25,175.65,290.56,69.26,20.70,71.28,8F15FAAB-EAFD-4FDE-BDA5-D7CAD5EDD597
$KAAZING,37.4188270,-121.9783020,27.90,91.54,2.21,4.94,105.31,4,15,2014,23,8,37,0,136.79,172.84,172.23,11.31,69.19,20.66,70.85,8F15FAAB-EAFD-4FDE-BDA5-D7CAD5EDD597
$KAAZING,37.4188270,-121.9783020,27.90,91.54,2.21,4.94,105.31,4,15,2014,23,8,37,0,112.86,179.19,174.53,303.69,69.19,20.66,71.38,8F15FAAB-EAFD-4FDE-BDA5-D7CAD5EDD597
$KAAZING,37.4188842,-121.9782333,27.90,91.54,8.88,19.87,45.90,4,15,2014,23,8,38,0,78.17,169.45,173.45,45.00,69.23,20.68,71.61,8F15FAAB-EAFD-4FDE-BDA5-D7CAD5EDD597
$KAAZING,37.4188842,-121.9782333,27.90,91.54,8.88,19.87,45.90,4,15,2014,23,8,38,0,62.19,177.07,179.53,243.43,69.25,20.69,71.61,8F15FAAB-EAFD-4FDE-BDA5-D7CAD5EDD597
$KAAZING,37.4188842,-121.9782333,27.90,91.54,8.88,19.87,45.90,4,15,2014,23,8,38,0,38.52,179.13,155.69,347.66,69.26,20.70,71.66,8F15FAAB-EAFD-4FDE-BDA5-D7CAD5EDD597
$KAAZING,37.4188842,-121.9782333,27.90,91.54,8.88,19.87,45.90,4,15,2014,23,8,38,0,14.13,190.70,181.43,258.69,69.26,20.70,72.02,8F15FAAB-EAFD-4FDE-BDA5-D7CAD5EDD597
$KAAZING,37.4189453,-121.9781646,27.90,91.54,7.43,16.63,34.55,4,15,2014,23,8,39,0,356.00,182.62,179.16,262.41,69.26,20.70,72.17,8F15FAAB-EAFD-4FDE-BDA5-D7CAD5EDD597
$KAAZING,37.4189453,-121.9781646,27.90,91.54,7.43,16.63,34.55,4,15,2014,23,8,39,0,307.29,184.25,176.17,280.01,69.26,20.70,72.17,8F15FAAB-EAFD-4FDE-BDA5-D7CAD5EDD597
$KAAZING,37.4189453,-121.9781646,27.90,91.54,7.43,16.63,34.55,4,15,2014,23,8,39,0,307.12,170.92,179.85,120.96,69.23,20.68,72.22,8F15FAAB-EAFD-4FDE-BDA5-D7CAD5EDD597
$KAAZING,37.4190101,-121.9781341,27.90,91.54,7.43,16.63,16.47,4,15,2014,23,8,40,0,310.38,197.04,184.56,254.88,69.23,20.68,72.18,8F15FAAB-EAFD-4FDE-BDA5-D7CAD5EDD597
$KAAZING,37.4190101,-121.9781341,27.90,91.54,7.43,16.63,16.47,4,15,2014,23,8,40,0,314.95,187.87,169.57,300.96,69.23,20.68,71.89,8F15FAAB-EAFD-4FDE-BDA5-D7CAD5EDD597
$KAAZING,37.4190521,-121.9781417,28.50,93.50,7.43,16.63,16.47,4,15,2014,23,8,41,0,330.41,170.10,192.65,165.38,69.25,20.69,71.69,8F15FAAB-EAFD-4FDE-BDA5-D7CAD5EDD597
$KAAZING,37.4190521,-121.9781417,28.50,93.50,7.43,16.63,16.47,4,15,2014,23,8,41,0,322.70,187.43,177.14,273.58,69.25,20.69,71.53,8F15FAAB-EAFD-4FDE-BDA5-D7CAD5EDD597
$KAAZING,37.4190521,-121.9781417,28.50,93.50,7.43,16.63,16.47,4,15,2014,23,8,41,0,326.66,188.60,189.77,231.34,69.26,20.70,70.96,8F15FAAB-EAFD-4FDE-BDA5-D7CAD5EDD597
$KAAZING,37.4190521,-121.9781951,28.40,93.18,7.43,16.63,16.47,4,15,2014,23,8,42,0,327.15,190.29,166.69,304.38,69.26,20.70,70.30,8F15FAAB-EAFD-4FDE-BDA5-D7CAD5EDD597
$KAAZING,37.4190521,-121.9781951,28.40,93.18,7.43,16.63,16.47,4,15,2014,23,8,42,0,326.61,175.32,169.50,351.25,69.26,20.70,69.85,8F15FAAB-EAFD-4FDE-BDA5-D7CAD5EDD597
$KAAZING,37.4190521,-121.9781951,28.40,93.18,7.43,16.63,16.47,4,15,2014,23,8,42,0,322.86,185.43,178.00,270.00,69.26,20.70,69.53,8F15FAAB-EAFD-4FDE-BDA5-D7CAD5EDD597
$KAAZING,37.4190216,-121.9782409,28.20,92.52,7.43,16.63,16.47,4,15,2014,23,8,43,0,330.61,167.74,173.82,56.31,69.26,20.70,69.20,8F15FAAB-EAFD-4FDE-BDA5-D7CAD5EDD597
$KAAZING,37.4190216,-121.9782409,28.20,92.52,7.43,16.63,16.47,4,15,2014,23,8,43,0,330.61,192.62,166.93,300.14,69.30,20.72,69.40,8F15FAAB-EAFD-4FDE-BDA5-D7CAD5EDD597
$KAAZING,37.4190216,-121.9782409,28.20,92.52,7.43,16.63,16.47,4,15,2014,23,8,43,0,334.15,182.46,160.03,335.38,69.30,20.72,69.42,8F15FAAB-EAFD-4FDE-BDA5-D7CAD5EDD597
$KAAZING,37.4189834,-121.9782791,27.80,91.21,7.43,16.63,16.47,4,15,2014,23,8,44,0,326.38,188.74,174.24,284.04,69.30,20.72,69.31,8F15FAAB-EAFD-4FDE-BDA5-D7CAD5EDD597
$KAAZING,37.4189834,-121.9782791,27.80,91.21,7.43,16.63,16.47,4,15,2014,23,8,44,0,327.91,197.67,171.75,284.04,69.30,20.72,68.97,8F15FAAB-EAFD-4FDE-BDA5-D7CAD5EDD597
$KAAZING,37.4189834,-121.9782791,27.80,91.21,7.43,16.63,16.47,4,15,2014,23,8,44,0,325.08,183.04,174.75,289.65,69.30,20.72,68.58,8F15FAAB-EAFD-4FDE-BDA5-D7CAD5EDD597
$KAAZING,37.4189834,-121.9782791,27.80,91.21,7.43,16.63,16.47,4,15,2014,23,8,44,0,326.83,179.36,151.43,349.38,69.30,20.72,68.06,8F15FAAB-EAFD-4FDE-BDA5-D7CAD5EDD597
$KAAZING,37.4189491,-121.9783248,27.80,91.21,4.91,10.98,230.04,4,15,2014,23,8,45,0,328.60,176.45,168.27,345.96,69.26,20.70,68.08,8F15FAAB-EAFD-4FDE-BDA5-D7CAD5EDD597
$KAAZING,37.4189491,-121.9783248,27.80,91.21,4.91,10.98,230.04,4,15,2014,23,8,45,0,327.43,186.00,173.71,289.44,69.26,20.70,68.11,8F15FAAB-EAFD-4FDE-BDA5-D7CAD5EDD597
$KAAZING,37.4189491,-121.9783248,27.80,91.21,4.91,10.98,230.04,4,15,2014,23,8,45,0,327.20,185.77,159.57,327.99,69.25,20.69,67.94,8F15FAAB-EAFD-4FDE-BDA5-D7CAD5EDD597
$KAAZING,37.4189147,-121.9783706,27.80,91.21,5.38,12.04,229.81,4,15,2014,23,8,46,0,326.84,196.19,157.78,312.09,69.25,20.69,67.88,8F15FAAB-EAFD-4FDE-BDA5-D7CAD5EDD597
$KAAZING,37.4189147,-121.9783706,27.80,91.21,5.38,12.04,229.81,4,15,2014,23,8,46,0,322.46,179.59,182.97,228.37,69.25,20.69,67.94,8F15FAAB-EAFD-4FDE-BDA5-D7CAD5EDD597
$KAAZING,37.4188766,-121.9784240,27.80,91.21,5.38,12.04,229.81,4,15,2014,23,8,47,0,325.41,184.54,177.33,273.58,69.23,20.68,68.33,8F15FAAB-EAFD-4FDE-BDA5-D7CAD5EDD597
$KAAZING,37.4188766,-121.9784240,27.80,91.21,5.38,12.04,229.81,4,15,2014,23,8,47,0,349.85,177.18,189.31,195.52,69.23,20.68,68.77,8F15FAAB-EAFD-4FDE-BDA5-D7CAD5EDD597
$KAAZING,37.4188766,-121.9784240,27.80,91.21,5.38,12.04,229.81,4,15,2014,23,8,47,0,15.94,171.90,173.12,23.20,69.19,20.66,68.83,8F15FAAB-EAFD-4FDE-BDA5-D7CAD5EDD597
$KAAZING,37.4188766,-121.9784240,27.80,91.21,5.38,12.04,229.81,4,15,2014,23,8,47,0,46.75,188.81,185.85,242.45,69.23,20.68,68.74,8F15FAAB-EAFD-4FDE-BDA5-D7CAD5EDD597
$KAAZING,37.4188766,-121.9784240,27.80,91.21,5.38,12.04,229.81,4,15,2014,23,8,47,0,62.86,187.52,182.34,252.47,69.25,20.69,69.52,8F15FAAB-EAFD-4FDE-BDA5-D7CAD5EDD597
$KAAZING,37.4188766,-121.9784240,27.80,91.21,5.38,12.04,229.81,4,15,2014,23,8,47,0,87.63,170.70,186.75,159.44,69.26,20.70,70.45,8F15FAAB-EAFD-4FDE-BDA5-D7CAD5EDD597
$KAAZING,37.4188041,-121.9785308,27.60,90.55,5.38,12.04,229.81,4,15,2014,23,8,49,0,82.78,185.19,188.58,226.64,69.32,20.73,71.00,8F15FAAB-EAFD-4FDE-BDA5-D7CAD5EDD597
$KAAZING,37.4188041,-121.9785308,27.60,90.55,5.38,12.04,229.81,4,15,2014,23,8,49,0,77.60,171.61,190.34,169.22,69.34,20.74,71.36,8F15FAAB-EAFD-4FDE-BDA5-D7CAD5EDD597
$KAAZING,37.4188041,-121.9785308,27.60,90.55,5.38,12.04,229.81,4,15,2014,23,8,49,0,99.03,191.74,156.86,320.39,69.37,20.76,71.66,8F15FAAB-EAFD-4FDE-BDA5-D7CAD5EDD597
$KAAZING,37.4187889,-121.9785537,27.40,89.90,5.38,12.04,229.81,4,15,2014,23,8,50,0,79.42,179.14,195.22,196.19,69.37,20.76,72.05,8F15FAAB-EAFD-4FDE-BDA5-D7CAD5EDD597
$KAAZING,37.4187889,-121.9785537,27.40,89.90,5.38,12.04,229.81,4,15,2014,23,8,50,0,81.58,177.95,184.56,210.96,69.39,20.77,72.32,8F15FAAB-EAFD-4FDE-BDA5-D7CAD5EDD597
$KAAZING,37.4187889,-121.9785537,27.40,89.90,5.38,12.04,229.81,4,15,2014,23,8,50,0,93.49,170.04,187.55,157.62,69.43,20.79,72.41,8F15FAAB-EAFD-4FDE-BDA5-D7CAD5EDD597
$KAAZING,37.4187850,-121.9785614,27.30,89.57,5.38,12.04,229.81,4,15,2014,23,8,51,0,93.48,174.00,178.67,180.00,69.44,20.80,72.10,8F15FAAB-EAFD-4FDE-BDA5-D7CAD5EDD597
$KAAZING,37.4187850,-121.9785614,27.30,89.57,5.38,12.04,229.81,4,15,2014,23,8,51,0,101.94,170.11,183.55,145.01,69.46,20.81,71.21,8F15FAAB-EAFD-4FDE-BDA5-D7CAD5EDD597
$KAAZING,37.4187850,-121.9785614,27.30,89.57,5.38,12.04,229.81,4,15,2014,23,8,51,0,118.71,175.85,188.36,190.01,69.44,20.80,70.74,8F15FAAB-EAFD-4FDE-BDA5-D7CAD5EDD597
$KAAZING,37.4187850,-121.9785614,27.30,89.57,5.38,12.04,229.81,4,15,2014,23,8,51,0,117.45,177.95,164.43,344.05,69.43,20.79,70.48,8F15FAAB-EAFD-4FDE-BDA5-D7CAD5EDD597
$KAAZING,37.4187850,-121.9785614,27.30,89.57,5.38,12.04,229.81,4,15,2014,23,8,51,0,114.70,177.54,176.23,296.57,69.37,20.76,70.73,8F15FAAB-EAFD-4FDE-BDA5-D7CAD5EDD597
$KAAZING,37.4187965,-121.9785461,27.30,89.57,1.74,3.90,43.26,4,15,2014,23,8,52,0,113.11,177.87,183.40,215.54,69.37,20.76,70.62,8F15FAAB-EAFD-4FDE-BDA5-D7CAD5EDD597
$KAAZING,37.4187965,-121.9785461,27.30,89.57,1.74,3.90,43.26,4,15,2014,23,8,52,0,93.25,168.62,194.39,162.26,69.37,20.76,71.07,8F15FAAB-EAFD-4FDE-BDA5-D7CAD5EDD597
$KAAZING,37.4187965,-121.9785461,27.30,89.57,1.74,3.90,43.26,4,15,2014,23,8,52,0,118.21,187.43,177.14,273.58,69.39,20.77,71.32,8F15FAAB-EAFD-4FDE-BDA5-D7CAD5EDD597
$KAAZING,37.4188117,-121.9785308,24.80,81.36,1.74,3.90,43.26,4,15,2014,23,8,54,0,117.02,185.16,164.68,320.19,69.43,20.79,71.55,8F15FAAB-EAFD-4FDE-BDA5-D7CAD5EDD597
$KAAZING,37.4188117,-121.9785308,24.80,81.36,1.74,3.90,43.26,4,15,2014,23,8,54,0,97.51,184.75,175.83,281.31,69.44,20.80,71.50,8F15FAAB-EAFD-4FDE-BDA5-D7CAD5EDD597
$KAAZING,37.4188117,-121.9785308,24.80,81.36,1.74,3.90,43.26,4,15,2014,23,8,54,0,88.03,188.04,178.00,270.00,69.46,20.81,71.63,8F15FAAB-EAFD-4FDE-BDA5-D7CAD5EDD597
$KAAZING,37.4188117,-121.9785308,24.80,81.36,1.74,3.90,43.26,4,15,2014,23,8,54,0,116.94,172.88,176.32,33.69,69.52,20.84,71.69,8F15FAAB-EAFD-4FDE-BDA5-D7CAD5EDD597
$KAAZING,37.4188194,-121.9785232,24.20,79.40,1.74,3.90,43.26,4,15,2014,23,8,55,0,112.10,178.21,188.15,202.38,69.55,20.86,71.84,8F15FAAB-EAFD-4FDE-BDA5-D7CAD5EDD597
$KAAZING,37.4188194,-121.9785232,24.20,79.40,1.74,3.90,43.26,4,15,2014,23,8,55,0,88.04,174.00,187.76,180.00,69.59,20.88,71.85,8F15FAAB-EAFD-4FDE-BDA5-D7CAD5EDD597
$KAAZING,37.4188194,-121.9785232,24.20,79.40,1.74,3.90,43.26,4,15,2014,23,8,55,0,100.24,184.30,185.13,235.49,69.63,20.90,71.88,8F15FAAB-EAFD-4FDE-BDA5-D7CAD5EDD597
$KAAZING,37.4188232,-121.9785232,22.90,75.13,1.74,3.90,43.26,4,15,2014,23,8,56,0,85.48,178.65,183.31,221.19,69.64,20.91,71.81,8F15FAAB-EAFD-4FDE-BDA5-D7CAD5EDD597
$KAAZING,37.4188232,-121.9785232,22.90,75.13,1.74,3.90,43.26,4,15,2014,23,8,56,0,92.05,180.34,178.71,263.66,69.70,20.94,71.79,8F15FAAB-EAFD-4FDE-BDA5-D7CAD5EDD597
$KAAZING,37.4188232,-121.9785232,22.90,75.13,1.74,3.90,43.26,4,15,2014,23,8,56,0,93.92,181.64,179.40,259.70,69.72,20.95,71.80,8F15FAAB-EAFD-4FDE-BDA5-D7CAD5EDD597
$KAAZING,37.4188232,-121.9785232,22.60,74.15,1.74,3.90,43.26,4,15,2014,23,8,57,0,96.46,184.75,177.27,273.81,69.72,20.95,71.63,8F15FAAB-EAFD-4FDE-BDA5-D7CAD5EDD597
$KAAZING,37.4188232,-121.9785232,22.60,74.15,1.74,3.90,43.26,4,15,2014,23,8,57,0,103.53,185.71,180.79,256.76,69.79,20.99,71.57,8F15FAAB-EAFD-4FDE-BDA5-D7CAD5EDD597
$KAAZING,37.4188232,-121.9785232,22.60,74.15,1.74,3.90,43.26,4,15,2014,23,8,57,0,102.04,183.57,180.07,257.91,69.83,21.01,71.59,8F15FAAB-EAFD-4FDE-BDA5-D7CAD5EDD597
$KAAZING,37.4188232,-121.9785232,22.60,74.15,0.09,0.20,136.28,4,15,2014,23,8,58,0,110.04,186.45,173.54,289.44,69.86,21.03,71.56,8F15FAAB-EAFD-4FDE-BDA5-D7CAD5EDD597
$KAAZING,37.4188232,-121.9785232,22.60,74.15,0.09,0.20,136.28,4,15,2014,23,8,58,0,93.15,181.94,183.97,233.13,69.90,21.05,71.53,8F15FAAB-EAFD-4FDE-BDA5-D7CAD5EDD597
$KAAZING,37.4188232,-121.9785232,22.60,74.15,0.09,0.20,136.28,4,15,2014,23,8,58,0,90.37,181.13,177.28,275.71,69.90,21.05,71.56,8F15FAAB-EAFD-4FDE-BDA5-D7CAD5EDD597
$KAAZING,37.4188270,-121.9785156,22.60,74.15,0.08,0.18,131.04,4,15,2014,23,8,59,0,96.78,183.25,183.31,240.26,69.95,21.08,71.58,8F15FAAB-EAFD-4FDE-BDA5-D7CAD5EDD597
$KAAZING,37.4188270,-121.9785156,22.60,74.15,0.08,0.18,131.04,4,15,2014,23,8,59,0,97.77,184.01,181.37,251.57,69.97,21.09,71.66,8F15FAAB-EAFD-4FDE-BDA5-D7CAD5EDD597
$KAAZING,37.4188308,-121.9785156,21.60,70.87,0.08,0.18,131.04,4,15,2014,23,9,0,0,93.01,182.53,179.43,260.54,70.02,21.12,71.74,8F15FAAB-EAFD-4FDE-BDA5-D7CAD5EDD597
$KAAZING,37.4188308,-121.9785156,21.60,70.87,0.08,0.18,131.04,4,15,2014,23,9,0,0,94.39,182.90,180.76,252.90,70.06,21.15,71.74,8F15FAAB-EAFD-4FDE-BDA5-D7CAD5EDD597
$KAAZING,37.4188308,-121.9785156,21.60,70.87,0.08,0.18,131.04,4,15,2014,23,9,0,0,97.45,183.01,179.40,261.25,70.10,21.17,71.78,8F15FAAB-EAFD-4FDE-BDA5-D7CAD5EDD597
$KAAZING,37.4188308,-121.9785156,21.50,70.54,0.08,0.18,131.04,4,15,2014,23,9,1,0,94.37,182.43,182.24,243.43,70.12,21.18,71.80,8F15FAAB-EAFD-4FDE-BDA5-D7CAD5EDD597
$KAAZING,37.4188308,-121.9785156,21.50,70.54,0.08,0.18,131.04,4,15,2014,23,9,1,0,94.61,183.12,182.94,241.70,70.17,21.21,71.88,8F15FAAB-EAFD-4FDE-BDA5-D7CAD5EDD597
$KAAZING,37.4188308,-121.9785156,21.50,70.54,0.08,0.18,131.04,4,15,2014,23,9,1,0,100.06,182.90,181.45,248.96,70.19,21.22,71.89,8F15FAAB-EAFD-4FDE-BDA5-D7CAD5EDD597
$KAAZING,37.4188308,-121.9785156,21.50,70.54,0.08,0.18,131.04,4,15,2014,23,9,1,0,93.50,181.13,178.00,270.00,70.24,21.25,71.85,8F15FAAB-EAFD-4FDE-BDA5-D7CAD5EDD597
$KAAZING,37.4188308,-121.9785156,21.30,69.88,0.08,0.18,131.04,4,15,2014,23,9,2,0,92.09,180.71,184.71,225.00,70.28,21.27,71.77,8F15FAAB-EAFD-4FDE-BDA5-D7CAD5EDD597
$KAAZING,37.4188308,-121.9785156,21.30,69.88,0.08,0.18,131.04,4,15,2014,23,9,2,0,96.46,183.69,182.88,243.43,70.30,21.28,71.81,8F15FAAB-EAFD-4FDE-BDA5-D7CAD5EDD597
$KAAZING,37.4188308,-121.9785079,21.00,68.90,0.08,0.18,131.04,4,15,2014,23,9,3,0,95.89,182.33,180.79,251.57,70.31,21.29,71.78,8F15FAAB-EAFD-4FDE-BDA5-D7CAD5EDD597
$KAAZING,37.4188308,-121.9785079,21.00,68.90,0.08,0.18,131.04,4,15,2014,23,9,3,0,95.15,182.33,181.49,247.38,70.35,21.31,71.69,8F15FAAB-EAFD-4FDE-BDA5-D7CAD5EDD597
$KAAZING,37.4188308,-121.9785079,21.00,68.90,0.08,0.18,131.04,4,15,2014,23,9,3,0,97.95,183.57,181.45,250.35,70.37,21.32,71.66,8F15FAAB-EAFD-4FDE-BDA5-D7CAD5EDD597
$KAAZING,37.4188308,-121.9785079,21.00,68.90,0.08,0.18,131.04,4,15,2014,23,9,3,0,94.24,182.33,181.49,247.38,70.37,21.32,71.77,8F15FAAB-EAFD-4FDE-BDA5-D7CAD5EDD597
$KAAZING,37.4188346,-121.9785079,21.00,68.90,0.06,0.14,119.71,4,15,2014,23,9,4,0,95.57,182.23,181.45,247.38,70.42,21.35,71.81,8F15FAAB-EAFD-4FDE-BDA5-D7CAD5EDD597
$KAAZING,37.4188346,-121.9785079,21.00,68.90,0.06,0.14,119.71,4,15,2014,23,9,4,0,96.43,183.01,182.18,245.22,70.44,21.36,71.88,8F15FAAB-EAFD-4FDE-BDA5-D7CAD5EDD597
$KAAZING,37.4188346,-121.9785079,21.00,68.90,0.06,0.14,119.71,4,15,2014,23,9,4,0,96.26,183.01,182.18,245.22,70.48,21.38,71.82,8F15FAAB-EAFD-4FDE-BDA5-D7CAD5EDD597
$KAAZING,37.4188346,-121.9785079,21.00,68.90,0.07,0.15,129.54,4,15,2014,23,9,5,0,94.85,182.33,181.49,247.38,70.50,21.39,71.80,8F15FAAB-EAFD-4FDE-BDA5-D7CAD5EDD597
$KAAZING,37.4188346,-121.9785079,21.00,68.90,0.07,0.15,129.54,4,15,2014,23,9,5,0,95.31,182.33,180.10,255.96,70.51,21.40,71.80,8F15FAAB-EAFD-4FDE-BDA5-D7CAD5EDD597
$KAAZING,37.4188346,-121.9785079,20.30,66.60,0.07,0.15,129.54,4,15,2014,23,9,6,0,96.99,183.01,181.49,248.96,70.51,21.40,71.74,8F15FAAB-EAFD-4FDE-BDA5-D7CAD5EDD597
$KAAZING,37.4188346,-121.9785079,20.30,66.60,0.07,0.15,129.54,4,15,2014,23,9,6,0,94.80,183.01,182.18,245.22,70.57,21.43,71.78,8F15FAAB-EAFD-4FDE-BDA5-D7CAD5EDD597
$KAAZING,37.4188346,-121.9785079,20.30,66.60,0.07,0.15,129.54,4,15,2014,23,9,6,0,95.42,182.13,180.73,251.57,70.59,21.44,71.69,8F15FAAB-EAFD-4FDE-BDA5-D7CAD5EDD597
$KAAZING,37.4188346,-121.9785079,20.10,65.94,0.07,0.15,129.54,4,15,2014,23,9,7,0,96.33,183.01,181.49,248.96,70.59,21.44,71.61,8F15FAAB-EAFD-4FDE-BDA5-D7CAD5EDD597
$KAAZING,37.4188346,-121.9785079,20.10,65.94,0.07,0.15,129.54,4,15,2014,23,9,7,0,95.33,182.13,181.41,247.38,70.62,21.46,71.72,8F15FAAB-EAFD-4FDE-BDA5-D7CAD5EDD597
$KAAZING,37.4188346,-121.9785079,20.10,65.94,0.07,0.15,129.54,4,15,2014,23,9,7,0,95.59,183.01,181.49,248.96,70.68,21.49,71.75,8F15FAAB-EAFD-4FDE-BDA5-D7CAD5EDD597
$KAAZING,37.4188346,-121.9785079,19.90,65.29,0.07,0.15,129.54,4,15,2014,23,9,8,0,94.89,182.23,182.13,243.43,70.73,21.52,71.58,8F15FAAB-EAFD-4FDE-BDA5-D7CAD5EDD597
$KAAZING,37.4188346,-121.9785079,19.90,65.29,0.07,0.15,129.54,4,15,2014,23,9,8,0,95.48,182.33,180.79,251.57,70.77,21.54,71.56,8F15FAAB-EAFD-4FDE-BDA5-D7CAD5EDD597
$KAAZING,37.4188346,-121.9785079,19.90,65.29,0.07,0.15,129.54,4,15,2014,23,9,8,0,95.83,182.90,180.76,252.90,70.77,21.54,71.32,8F15FAAB-EAFD-4FDE-BDA5-D7CAD5EDD597
$KAAZING,37.4188346,-121.9785079,19.90,65.29,0.07,0.15,129.54,4,15,2014,23,9,8,0,93.42,182.23,182.13,243.43,70.77,21.54,71.03,8F15FAAB-EAFD-4FDE-BDA5-D7CAD5EDD597
$KAAZING,37.4188346,-121.9785079,19.90,65.29,0.07,0.15,129.54,4,15,2014,23,9,8,0,96.90,182.90,182.13,245.22,70.80,21.56,70.89,8F15FAAB-EAFD-4FDE-BDA5-D7CAD5EDD597
$KAAZING,37.4188346,-121.9785079,19.90,65.29,0.07,0.15,129.54,4,15,2014,23,9,8,0,97.42,183.01,181.49,248.96,70.84,21.58,70.86,8F15FAAB-EAFD-4FDE-BDA5-D7CAD5EDD597
$KAAZING,37.4188346,-121.9785079,19.90,65.29,0.07,0.15,129.54,4,15,2014,23,9,8,0,95.54,182.90,180.76,252.90,70.84,21.58,70.72,8F15FAAB-EAFD-4FDE-BDA5-D7CAD5EDD597
$KAAZING,37.4188385,-121.9785079,19.90,65.29,0.05,0.10,98.94,4,15,2014,23,9,10,0,95.38,183.01,181.49,248.96,70.80,21.56,70.66,8F15FAAB-EAFD-4FDE-BDA5-D7CAD5EDD597
$KAAZING,37.4188385,-121.9785079,19.90,65.29,0.05,0.10,98.94,4,15,2014,23,9,10,0,94.35,182.33,181.49,247.38,70.86,21.59,70.70,8F15FAAB-EAFD-4FDE-BDA5-D7CAD5EDD597
$KAAZING,37.4188385,-121.9785079,19.90,65.29,0.05,0.10,98.94,4,15,2014,23,9,10,0,95.56,182.23,180.07,255.96,70.84,21.58,70.61,8F15FAAB-EAFD-4FDE-BDA5-D7CAD5EDD597
$KAAZING,37.4188385,-121.9785079,19.90,65.29,0.05,0.10,98.94,4,15,2014,23,9,10,0,96.18,183.01,181.49,248.96,70.86,21.59,70.55,8F15FAAB-EAFD-4FDE-BDA5-D7CAD5EDD597
$KAAZING,37.4188385,-121.9785079,19.90,65.29,0.05,0.10,98.94,4,15,2014,23,9,10,0,96.14,182.90,182.13,245.22,70.89,21.61,70.61,8F15FAAB-EAFD-4FDE-BDA5-D7CAD5EDD597
$KAAZING,37.4188385,-121.9785003,19.60,64.30,0.05,0.10,98.94,4,15,2014,23,9,12,0,94.75,182.43,182.24,243.43,70.91,21.62,70.59,8F15FAAB-EAFD-4FDE-BDA5-D7CAD5EDD597
$KAAZING,37.4188385,-121.9785003,19.60,64.30,0.05,0.10,98.94,4,15,2014,23,9,12,0,95.01,182.23,181.45,247.38,70.93,21.63,70.41,8F15FAAB-EAFD-4FDE-BDA5-D7CAD5EDD597
$KAAZING,37.4188385,-121.9785003,19.60,64.30,0.05,0.10,98.94,4,15,2014,23,9,12,0,95.97,182.90,181.45,248.96,70.97,21.65,70.24,8F15FAAB-EAFD-4FDE-BDA5-D7CAD5EDD597
$KAAZING,37.4188385,-121.9785003,19.40,63.65,0.05,0.10,98.94,4,15,2014,23,9,13,0,96.64,183.01,181.49,248.96,70.99,21.66,70.15,8F15FAAB-EAFD-4FDE-BDA5-D7CAD5EDD597
$KAAZING,37.4188385,-121.9785003,19.40,63.65,0.05,0.10,98.94,4,15,2014,23,9,13,0,96.29,183.01,181.49,248.96,70.99,21.66,70.05,8F15FAAB-EAFD-4FDE-BDA5-D7CAD5EDD597
$KAAZING,37.4188385,-121.9785003,19.40,63.65,0.05,0.10,98.94,4,15,2014,23,9,13,0,95.38,183.12,181.53,248.96,70.99,21.66,69.96,8F15FAAB-EAFD-4FDE-BDA5-D7CAD5EDD597
$KAAZING,37.4188385,-121.9785003,19.30,63.32,0.05,0.10,98.94,4,15,2014,23,9,14,0,96.50,182.90,181.45,248.96,70.99,21.66,69.94,8F15FAAB-EAFD-4FDE-BDA5-D7CAD5EDD597
$KAAZING,37.4188385,-121.9785003,19.30,63.32,0.05,0.10,98.94,4,15,2014,23,9,14,0,94.51,182.43,181.53,247.38,71.02,21.68,69.99,8F15FAAB-EAFD-4FDE-BDA5-D7CAD5EDD597
$KAAZING,37.4188385,-121.9785003,19.30,63.32,0.05,0.10,98.94,4,15,2014,23,9,14,0,95.81,182.90,182.13,245.22,71.04,21.69,70.06,8F15FAAB-EAFD-4FDE-BDA5-D7CAD5EDD597
$KAAZING,37.4188385,-121.9785003,19.30,63.32,0.05,0.12,160.24,4,15,2014,23,9,15,0,95.47,182.33,181.49,247.38,71.04,21.69,70.24,8F15FAAB-EAFD-4FDE-BDA5-D7CAD5EDD597
$KAAZING,37.4188385,-121.9785003,19.30,63.32,0.05,0.12,160.24,4,15,2014,23,9,15,0,96.45,183.01,182.88,241.70,71.09,21.72,70.25,8F15FAAB-EAFD-4FDE-BDA5-D7CAD5EDD597
$KAAZING,37.4188385,-121.9785003,19.30,63.32,0.05,0.12,160.24,4,15,2014,23,9,15,0,97.04,182.90,180.76,252.90,71.11,21.73,70.03,8F15FAAB-EAFD-4FDE-BDA5-D7CAD5EDD597
$KAAZING,37.4188385,-121.9785003,19.30,63.32,0.05,0.12,160.24,4,15,2014,23,9,15,0,96.89,183.01,181.49,248.96,71.13,21.74,69.84,8F15FAAB-EAFD-4FDE-BDA5-D7CAD5EDD597
$KAAZING,37.4188385,-121.9785003,19.30,63.32,0.05,0.12,172.03,4,15,2014,23,9,16,0,95.63,182.33,181.49,247.38,71.17,21.76,69.75,8F15FAAB-EAFD-4FDE-BDA5-D7CAD5EDD597
$KAAZING,37.4188385,-121.9785003,19.30,63.32,0.05,0.12,172.03,4,15,2014,23,9,16,0,95.17,182.90,182.13,245.22,71.17,21.76,69.74,8F15FAAB-EAFD-4FDE-BDA5-D7CAD5EDD597
$KAAZING,37.4188385,-121.9785003,19.30,63.32,0.05,0.12,172.03,4,15,2014,23,9,16,0,96.55,182.90,181.45,248.96,71.17,21.76,69.65,8F15FAAB-EAFD-4FDE-BDA5-D7CAD5EDD597
$KAAZING,37.4188385,-121.9785003,19.30,63.32,0.05,0.12,172.03,4,15,2014,23,9,16,0,95.92,182.90,181.45,248.96,71.17,21.76,69.55,8F15FAAB-EAFD-4FDE-BDA5-D7CAD5EDD597
$KAAZING,37.4188385,-121.9785003,19.30,63.32,0.05,0.12,172.03,4,15,2014,23,9,16,0,93.77,182.33,181.49,247.38,71.17,21.76,69.65,8F15FAAB-EAFD-4FDE-BDA5-D7CAD5EDD597
$KAAZING,37.4188385,-121.9785003,19.30,63.32,0.05,0.12,172.03,4,15,2014,23,9,16,0,95.18,183.01,181.49,248.96,71.22,21.79,69.75,8F15FAAB-EAFD-4FDE-BDA5-D7CAD5EDD597
$KAAZING,37.4188385,-121.9785003,19.30,63.32,0.05,0.12,172.03,4,15,2014,23,9,16,0,95.29,182.33,180.79,251.57,71.22,21.79,69.80,8F15FAAB-EAFD-4FDE-BDA5-D7CAD5EDD597
$KAAZING,37.4188385,-121.9785003,19.30,63.32,0.05,0.12,172.03,4,15,2014,23,9,16,0,98.20,183.01,181.49,248.96,71.24,21.80,69.92,8F15FAAB-EAFD-4FDE-BDA5-D7CAD5EDD597
$KAAZING,37.4188385,-121.9785003,18.70,61.35,0.05,0.12,172.03,4,15,2014,23,9,19,0,97.52,183.01,181.49,248.96,71.24,21.80,69.85,8F15FAAB-EAFD-4FDE-BDA5-D7CAD5EDD597
$KAAZING,37.4188385,-121.9785003,18.70,61.35,0.05,0.12,172.03,4,15,2014,23,9,19,0,95.74,183.01,181.49,248.96,71.26,21.81,69.83,8F15FAAB-EAFD-4FDE-BDA5-D7CAD5EDD597
$KAAZING,37.4188385,-121.9785003,18.70,61.35,0.05,0.12,172.03,4,15,2014,23,9,19,0,96.49,183.01,181.49,248.96,71.26,21.81,69.79,8F15FAAB-EAFD-4FDE-BDA5-D7CAD5EDD597
$KAAZING,37.4188385,-121.9785003,18.60,61.02,0.05,0.12,172.03,4,15,2014,23,9,20,0,97.64,183.57,181.45,250.35,71.29,21.83,69.85,8F15FAAB-EAFD-4FDE-BDA5-D7CAD5EDD597
$KAAZING,37.4188385,-121.9785003,18.60,61.02,0.05,0.12,172.03,4,15,2014,23,9,20,0,96.03,182.90,181.45,248.96,71.31,21.84,69.85,8F15FAAB-EAFD-4FDE-BDA5-D7CAD5EDD597
$KAAZING,37.4188385,-121.9785003,18.60,61.02,0.05,0.12,172.03,4,15,2014,23,9,20,0,95.70,183.01,181.49,248.96,71.31,21.84,69.88,8F15FAAB-EAFD-4FDE-BDA5-D7CAD5EDD597
$KAAZING,37.4188385,-121.9785003,18.50,60.70,0.05,0.12,172.03,4,15,2014,23,9,21,0,97.04,182.90,181.45,248.96,71.31,21.84,70.00,8F15FAAB-EAFD-4FDE-BDA5-D7CAD5EDD597
$KAAZING,37.4188385,-121.9785003,18.50,60.70,0.05,0.12,172.03,4,15,2014,23,9,21,0,96.54,182.80,180.73,252.90,71.31,21.84,70.00,8F15FAAB-EAFD-4FDE-BDA5-D7CAD5EDD597
$KAAZING,37.4188385,-121.9785003,18.50,60.70,0.05,0.12,172.03,4,15,2014,23,9,21,0,94.84,182.33,181.49,247.38,71.33,21.85,70.19,8F15FAAB-EAFD-4FDE-BDA5-D7CAD5EDD597
$KAAZING,37.4188385,-121.9785003,18.50,60.70,0.05,0.12,172.03,4,15,2014,23,9,21,0,96.89,183.01,181.49,248.96,71.37,21.87,70.17,8F15FAAB-EAFD-4FDE-BDA5-D7CAD5EDD597
$KAAZING,37.4188385,-121.9785003,18.50,60.70,0.05,0.12,172.03,4,15,2014,23,9,21,0,94.63,182.23,180.76,251.57,71.38,21.88,70.29,8F15FAAB-EAFD-4FDE-BDA5-D7CAD5EDD597
$KAAZING,37.4188385,-121.9785003,18.50,60.70,0.03,0.06,135.94,4,15,2014,23,9,22,0,95.86,183.01,181.49,248.96,71.38,21.88,70.23,8F15FAAB-EAFD-4FDE-BDA5-D7CAD5EDD597
$KAAZING,37.4188385,-121.9785003,18.50,60.70,0.03,0.06,135.94,4,15,2014,23,9,22,0,95.41,182.33,181.49,247.38,71.44,21.91,70.20,8F15FAAB-EAFD-4FDE-BDA5-D7CAD5EDD597
$KAAZING,37.4188385,-121.9785003,18.50,60.70,0.03,0.06,135.94,4,15,2014,23,9,22,0,96.96,182.90,181.45,248.96,71.44,21.91,70.20,8F15FAAB-EAFD-4FDE-BDA5-D7CAD5EDD597
$KAAZING,37.4188385,-121.9785003,18.80,61.68,0.03,0.06,135.94,4,15,2014,23,9,24,0,96.59,183.01,181.49,248.96,71.46,21.92,70.31,8F15FAAB-EAFD-4FDE-BDA5-D7CAD5EDD597
$KAAZING,37.4188385,-121.9785003,18.80,61.68,0.03,0.06,135.94,4,15,2014,23,9,24,0,94.60,182.23,182.13,243.43,71.49,21.94,70.29,8F15FAAB-EAFD-4FDE-BDA5-D7CAD5EDD597
$KAAZING,37.4188385,-121.9785003,18.80,61.68,0.03,0.06,135.94,4,15,2014,23,9,24,0,95.64,182.90,180.76,252.90,71.51,21.95,70.35,8F15FAAB-EAFD-4FDE-BDA5-D7CAD5EDD597
$KAAZING,37.4188385,-121.9785003,18.80,61.68,0.03,0.06,135.94,4,15,2014,23,9,24,0,95.71,183.01,181.49,248.96,71.53,21.96,70.45,8F15FAAB-EAFD-4FDE-BDA5-D7CAD5EDD597
$KAAZING,37.4188385,-121.9785003,19.20,62.99,0.03,0.06,135.94,4,15,2014,23,9,25,0,95.57,183.01,181.49,248.96,71.53,21.96,70.56,8F15FAAB-EAFD-4FDE-BDA5-D7CAD5EDD597
$KAAZING,37.4188385,-121.9785003,19.20,62.99,0.03,0.06,135.94,4,15,2014,23,9,25,0,96.59,182.90,181.45,248.96,71.57,21.98,70.56,8F15FAAB-EAFD-4FDE-BDA5-D7CAD5EDD597
$KAAZING,37.4188385,-121.9785003,19.20,62.99,0.03,0.06,135.94,4,15,2014,23,9,25,0,95.60,183.01,181.49,248.96,71.57,21.98,70.39,8F15FAAB-EAFD-4FDE-BDA5-D7CAD5EDD597
$KAAZING,37.4188385,-121.9785003,19.40,63.65,0.03,0.06,135.94,4,15,2014,23,9,26,0,96.23,183.01,182.18,245.22,71.58,21.99,69.83,8F15FAAB-EAFD-4FDE-BDA5-D7CAD5EDD597
$KAAZING,37.4188385,-121.9785003,19.40,63.65,0.03,0.06,135.94,4,15,2014,23,9,26,0,96.01,183.01,182.18,245.22,71.62,22.01,69.70,8F15FAAB-EAFD-4FDE-BDA5-D7CAD5EDD597
$KAAZING,37.4188385,-121.9785003,19.40,63.65,0.03,0.06,135.94,4,15,2014,23,9,26,0,94.55,182.23,181.45,247.38,71.64,22.02,69.31,8F15FAAB-EAFD-4FDE-BDA5-D7CAD5EDD597
$KAAZING,37.4188385,-121.9785003,19.80,64.96,0.03,0.06,135.94,4,15,2014,23,9,27,0,100.29,184.49,182.94,244.98,71.64,22.02,68.80,8F15FAAB-EAFD-4FDE-BDA5-D7CAD5EDD597
$KAAZING,37.4188385,-121.9785003,19.80,64.96,0.03,0.06,135.94,4,15,2014,23,9,27,0,94.28,182.04,180.69,251.57,71.66,22.03,68.48,8F15FAAB-EAFD-4FDE-BDA5-D7CAD5EDD597
$KAAZING,37.4188385,-121.9785003,19.80,64.96,0.03,0.06,135.94,4,15,2014,23,9,27,0,94.27,183.12,181.53,248.96,71.66,22.03,68.31,8F15FAAB-EAFD-4FDE-BDA5-D7CAD5EDD597
$KAAZING,37.4188423,-121.9785003,19.80,64.96,0.16,0.36,56.27,4,15,2014,23,9,28,0,93.01,182.43,177.29,274.76,71.66,22.03,68.37,8F15FAAB-EAFD-4FDE-BDA5-D7CAD5EDD597
$KAAZING,37.4188423,-121.9785003,19.80,64.96,0.16,0.36,56.27,4,15,2014,23,9,28,0,94.35,182.80,182.76,241.70,71.71,22.06,68.37,8F15FAAB-EAFD-4FDE-BDA5-D7CAD5EDD597
$KAAZING,37.4188423,-121.9785003,19.80,64.96,0.16,0.36,56.27,4,15,2014,23,9,28,0,95.86,183.46,180.05,257.91,71.71,22.06,68.55,8F15FAAB-EAFD-4FDE-BDA5-D7CAD5EDD597
$KAAZING,37.4188423,-121.9785003,19.80,64.96,0.16,0.36,56.27,4,15,2014,23,9,28,0,94.37,183.01,180.10,257.01,71.75,22.08,68.74,8F15FAAB-EAFD-4FDE-BDA5-D7CAD5EDD597
$KAAZING,37.4188423,-121.9785003,19.80,64.96,0.16,0.36,56.27,4,15,2014,23,9,28,0,93.58,182.23,180.76,251.57,71.76,22.09,68.88,8F15FAAB-EAFD-4FDE-BDA5-D7CAD5EDD597
$KAAZING,37.4188423,-121.9784927,20.50,67.26,0.16,0.36,56.27,4,15,2014,23,9,30,0,111.94,187.11,170.20,300.47,71.76,22.09,69.07,8F15FAAB-EAFD-4FDE-BDA5-D7CAD5EDD597
$KAAZING,37.4188423,-121.9784927,20.50,67.26,0.16,0.36,56.27,4,15,2014,23,9,30,0,95.69,183.46,183.44,240.26,71.82,22.12,69.10,8F15FAAB-EAFD-4FDE-BDA5-D7CAD5EDD597
$KAAZING,37.4188423,-121.9784927,20.50,67.26,0.16,0.36,56.27,4,15,2014,23,9,30,0,95.93,183.93,179.43,261.87,71.84,22.13,69.08,8F15FAAB-EAFD-4FDE-BDA5-D7CAD5EDD597
$KAAZING,37.4188423,-121.9784927,20.60,67.59,0.16,0.36,56.27,4,15,2014,23,9,31,0,89.28,181.04,180.83,248.20,71.86,22.14,68.93,8F15FAAB-EAFD-4FDE-BDA5-D7CAD5EDD597
$KAAZING,37.4188423,-121.9784927,20.60,67.59,0.16,0.36,56.27,4,15,2014,23,9,31,0,94.84,182.80,179.36,261.25,71.86,22.14,68.52,8F15FAAB-EAFD-4FDE-BDA5-D7CAD5EDD597
$KAAZING,37.4188423,-121.9784927,20.60,67.59,0.16,0.36,56.27,4,15,2014,23,9,31,0,92.81,181.55,186.23,222.51,71.89,22.16,68.36,8F15FAAB-EAFD-4FDE-BDA5-D7CAD5EDD597
$KAAZING,37.4188423,-121.9784927,20.60,67.59,0.16,0.36,56.27,4,15,2014,23,9,31,0,101.75,184.37,179.40,262.41,71.86,22.14,68.24,8F15FAAB-EAFD-4FDE-BDA5-D7CAD5EDD597
$KAAZING,37.4188461,-121.9784927,20.80,68.24,0.16,0.36,56.27,4,15,2014,23,9,32,0,126.06,187.50,171.16,296.57,71.86,22.14,67.97,8F15FAAB-EAFD-4FDE-BDA5-D7CAD5EDD597
$KAAZING,37.4188461,-121.9784927,20.80,68.24,0.16,0.36,56.27,4,15,2014,23,9,32,0,209.32,204.65,165.47,290.56,71.89,22.16,67.95,8F15FAAB-EAFD-4FDE-BDA5-D7CAD5EDD597
$KAAZING,37.4188461,-121.9784927,20.80,68.24,0.04,0.08,48.03,4,15,2014,23,9,33,0,287.32,202.30,143.30,322.13,71.89,22.16,68.08,8F15FAAB-EAFD-4FDE-BDA5-D7CAD5EDD597
$KAAZING,37.4188461,-121.9784927,20.80,68.24,0.04,0.08,48.03,4,15,2014,23,9,33,0,284.95,210.16,140.43,316.47,71.89,22.16,68.17,8F15FAAB-EAFD-4FDE-BDA5-D7CAD5EDD597
$KAAZING,37.4188461,-121.9784927,20.80,68.24,0.04,0.08,48.03,4,15,2014,23,9,33,0,277.27,207.45,138.60,321.19,71.89,22.16,68.04,8F15FAAB-EAFD-4FDE-BDA5-D7CAD5EDD597
$KAAZING,37.4188461,-121.9784927,20.80,68.24,0.04,0.08,48.03,4,15,2014,23,9,33,0,225.64,211.45,151.92,302.57,71.84,22.13,67.76,8F15FAAB-EAFD-4FDE-BDA5-D7CAD5EDD597
$KAAZING,37.4188461,-121.9784927,20.80,68.24,0.31,0.69,72.78,4,15,2014,23,9,34,0,182.77,216.88,150.62,299.15,71.86,22.14,67.69,8F15FAAB-EAFD-4FDE-BDA5-D7CAD5EDD597
$KAAZING,37.4188461,-121.9784927,20.80,68.24,0.31,0.69,72.78,4,15,2014,23,9,34,0,129.29,208.11,161.81,293.20,71.86,22.14,67.69,8F15FAAB-EAFD-4FDE-BDA5-D7CAD5EDD597
$KAAZING,37.4188499,-121.9784851,20.30,66.60,0.31,0.69,72.78,4,15,2014,23,9,35,0,134.37,200.57,172.45,281.00,71.84,22.13,67.72,8F15FAAB-EAFD-4FDE-BDA5-D7CAD5EDD597
$KAAZING,37.4188499,-121.9784851,20.30,66.60,0.31,0.69,72.78,4,15,2014,23,9,35,0,150.85,202.30,174.48,276.52,71.86,22.14,67.85,8F15FAAB-EAFD-4FDE-BDA5-D7CAD5EDD597
$KAAZING,37.4188499,-121.9784851,20.30,66.60,0.31,0.69,72.78,4,15,2014,23,9,35,0,138.01,197.70,180.79,263.66,71.86,22.14,68.04,8F15FAAB-EAFD-4FDE-BDA5-D7CAD5EDD597
$KAAZING,37.4188575,-121.9784774,20.20,66.27,0.31,0.69,72.78,4,15,2014,23,9,36,0,150.48,195.80,171.48,285.95,71.86,22.14,67.95,8F15FAAB-EAFD-4FDE-BDA5-D7CAD5EDD597
