$KAAZING,37.4188957,-121.9785156,16.10,52.82,0.06,0.14,133.86,4,15,2014,23,3,32,0,245.81,182.90,182.13,245.22,73.03,22.80,57.85,8F15FAAB-EAFD-4FDE-BDA5-D7CAD5EDD597
$KAAZING,37.4188957,-121.9785156,16.10,52.82,0.06,0.14,133.86,4,15,2014,23,3,32,0,245.93,183.01,180.79,252.90,73.07,22.82,57.91,8F15FAAB-EAFD-4FDE-BDA5-D7CAD5EDD597
$KAAZING,37.4188957,-121.9785156,16.10,52.82,0.06,0.14,133.86,4,15,2014,23,3,32,0,247.35,182.23,181.45,247.38,73.11,22.84,57.89,8F15FAAB-EAFD-4FDE-BDA5-D7CAD5EDD597
$KAAZING,37.4188957,-121.9785156,16.00,52.49,0.06,0.14,133.86,4,15,2014,23,3,33,0,246.76,182.90,181.45,248.96,73.16,22.87,57.89,8F15FAAB-EAFD-4FDE-BDA5-D7CAD5EDD597
$KAAZING,37.4188957,-121.9785156,16.00,52.49,0.06,0.14,133.86,4,15,2014,23,3,33,0,246.26,182.90,181.45,248.96,73.18,22.88,57.86,8F15FAAB-EAFD-4FDE-BDA5-D7CAD5EDD597
$KAAZING,37.4188957,-121.9785156,16.00,52.49,0.06,0.14,133.86,4,15,2014,23,3,33,0,245.85,183.01,181.49,248.96,73.18,22.88,57.81,8F15FAAB-EAFD-4FDE-BDA5-D7CAD5EDD597
$KAAZING,37.4188995,-121.9785156,15.90,52.17,0.06,0.14,133.86,4,15,2014,23,3,34,0,246.14,183.01,181.49,248.96,73.18,22.88,57.79,8F15FAAB-EAFD-4FDE-BDA5-D7CAD5EDD597
$KAAZING,37.4188995,-121.9785156,15.90,52.17,0.06,0.14,133.86,4,15,2014,23,3,34,0,245.34,182.90,181.45,248.96,73.23,22.91,57.81,8F15FAAB-EAFD-4FDE-BDA5-D7CAD5EDD597
$KAAZING,37.4188995,-121.9785156,15.90,52.17,0.06,0.14,133.86,4,15,2014,23,3,34,0,244.84,182.90,182.13,245.22,73.25,22.92,57.77,8F15FAAB-EAFD-4FDE-BDA5-D7CAD5EDD597
$KAAZING,37.4188995,-121.9785156,15.90,52.17,0.08,0.18,146.87,4,15,2014,23,3,35,0,246.87,183.01,181.49,248.96,73.29,22.94,57.77,8F15FAAB-EAFD-4FDE-BDA5-D7CAD5EDD597
$KAAZING,37.4188995,-121.9785156,15.90,52.17,0.08,0.18,146.87,4,15,2014,23,3,35,0,246.33,182.90,181.45,248.96,73.31,22.95,57.77,8F15FAAB-EAFD-4FDE-BDA5-D7CAD5EDD597
$KAAZING,37.4188995,-121.9785156,15.90,52.17,0.08,0.18,146.87,4,15,2014,23,3,35,0,247.62,182.23,180.76,251.57,73.36,22.98,57.69,8F15FAAB-EAFD-4FDE-BDA5-D7CAD5EDD597
$KAAZING,37.4188995,-121.9785156,15.90,52.17,0.08,0.18,146.87,4,15,2014,23,3,35,0,246.50,182.90,180.76,252.90,73.36,22.98,57.52,8F15FAAB-EAFD-4FDE-BDA5-D7CAD5EDD597
$KAAZING,37.4188995,-121.9785156,15.90,52.17,0.07,0.16,145.14,4,15,2014,23,3,36,0,247.99,182.33,180.79,251.57,73.38,22.99,57.43,8F15FAAB-EAFD-4FDE-BDA5-D7CAD5EDD597
$KAAZING,37.4188995,-121.9785156,15.90,52.17,0.07,0.16,145.14,4,15,2014,23,3,36,0,246.91,182.23,181.45,247.38,73.41,23.01,57.41,8F15FAAB-EAFD-4FDE-BDA5-D7CAD5EDD597
$KAAZING,37.4188995,-121.9785156,15.50,50.85,0.07,0.16,145.14,4,15,2014,23,3,37,0,245.50,182.90,181.45,248.96,73.41,23.01,57.27,8F15FAAB-EAFD-4FDE-BDA5-D7CAD5EDD597
$KAAZING,37.4188995,-121.9785156,15.50,50.85,0.07,0.16,145.14,4,15,2014,23,3,37,0,245.60,183.69,180.79,254.05,73.43,23.02,57.06,8F15FAAB-EAFD-4FDE-BDA5-D7CAD5EDD597
$KAAZING,37.4188995,-121.9785156,15.50,50.85,0.07,0.16,145.14,4,15,2014,23,3,37,0,244.96,183.12,181.53,248.96,73.43,23.02,56.92,8F15FAAB-EAFD-4FDE-BDA5-D7CAD5EDD597
$KAAZING,37.4188995,-121.9785156,15.50,50.85,0.07,0.16,145.14,4,15,2014,23,3,37,0,245.58,183.01,181.49,248.96,73.45,23.03,56.92,8F15FAAB-EAFD-4FDE-BDA5-D7CAD5EDD597
$KAAZING,37.4188995,-121.9785156,15.50,50.85,0.07,0.16,145.14,4,15,2014,23,3,37,0,246.20,182.90,181.45,248.96,73.45,23.03,56.83,8F15FAAB-EAFD-4FDE-BDA5-D7CAD5EDD597
$KAAZING,37.4188995,-121.9785156,15.50,50.85,0.07,0.16,145.14,4,15,2014,23,3,37,0,246.41,182.23,182.13,243.43,73.45,23.03,56.78,8F15FAAB-EAFD-4FDE-BDA5-D7CAD5EDD597
$KAAZING,37.4189033,-121.9785156,15.30,50.20,0.07,0.16,145.14,4,15,2014,23,3,39,0,246.23,182.90,180.76,252.90,73.49,23.05,56.80,8F15FAAB-EAFD-4FDE-BDA5-D7CAD5EDD597
$KAAZING,37.4189033,-121.9785156,15.30,50.20,0.07,0.16,145.14,4,15,2014,23,3,39,0,246.96,183.01,181.49,248.96,73.51,23.06,56.82,8F15FAAB-EAFD-4FDE-BDA5-D7CAD5EDD597
$KAAZING,37.4189033,-121.9785156,15.30,50.20,0.07,0.16,145.14,4,15,2014,23,3,39,0,247.45,182.43,181.53,247.38,73.51,23.06,56.77,8F15FAAB-EAFD-4FDE-BDA5-D7CAD5EDD597
$KAAZING,37.4189033,-121.9785156,15.20,49.87,0.07,0.16,145.14,4,15,2014,23,3,40,0,247.18,183.01,180.79,252.90,73.51,23.06,56.70,8F15FAAB-EAFD-4FDE-BDA5-D7CAD5EDD597
$KAAZING,37.4189033,-121.9785156,15.20,49.87,0.07,0.16,145.14,4,15,2014,23,3,40,0,246.11,182.33,182.18,243.43,73.52,23.07,56.66,8F15FAAB-EAFD-4FDE-BDA5-D7CAD5EDD597
$KAAZING,37.4189033,-121.9785156,15.20,49.87,0.07,0.16,145.14,4,15,2014,23,3,40,0,246.54,183.01,181.49,248.96,73.52,23.07,56.58,8F15FAAB-EAFD-4FDE-BDA5-D7CAD5EDD597
$KAAZING,37.4189033,-121.9785156,15.20,49.87,0.04,0.09,97.00,4,15,2014,23,3,41,0,245.86,183.01,181.49,248.96,73.52,23.07,56.56,8F15FAAB-EAFD-4FDE-BDA5-D7CAD5EDD597
$KAAZING,37.4189033,-121.9785156,15.20,49.87,0.04,0.09,97.00,4,15,2014,23,3,41,0,246.74,183.01,181.49,248.96,73.56,23.09,56.52,8F15FAAB-EAFD-4FDE-BDA5-D7CAD5EDD597
$KAAZING,37.4189033,-121.9785156,15.20,49.87,0.04,0.09,97.00,4,15,2014,23,3,41,0,247.57,182.23,181.45,247.38,73.56,23.09,56.38,8F15FAAB-EAFD-4FDE-BDA5-D7CAD5EDD597
$KAAZING,37.4189033,-121.9785156,15.20,49.87,0.04,0.09,97.00,4,15,2014,23,3,41,0,246.20,183.01,181.49,248.96,73.56,23.09,56.21,8F15FAAB-EAFD-4FDE-BDA5-D7CAD5EDD597
$KAAZING,37.4189033,-121.9785156,15.20,49.87,0.04,0.09,97.00,4,15,2014,23,3,41,0,247.11,182.33,181.49,247.38,73.51,23.06,56.10,8F15FAAB-EAFD-4FDE-BDA5-D7CAD5EDD597
$KAAZING,37.4189033,-121.9785156,15.20,49.87,0.11,0.24,159.63,4,15,2014,23,3,42,0,247.34,182.33,181.49,247.38,73.49,23.05,56.02,8F15FAAB-EAFD-4FDE-BDA5-D7CAD5EDD597
$KAAZING,37.4189033,-121.9785156,15.20,49.87,0.11,0.24,159.63,4,15,2014,23,3,42,0,246.55,183.01,180.79,252.90,73.51,23.06,56.00,8F15FAAB-EAFD-4FDE-BDA5-D7CAD5EDD597
$KAAZING,37.4189033,-121.9785156,15.20,49.87,0.11,0.24,159.63,4,15,2014,23,3,42,0,245.95,183.01,181.49,248.96,73.51,23.06,56.00,8F15FAAB-EAFD-4FDE-BDA5-D7CAD5EDD597
$KAAZING,37.4189033,-121.9785156,14.90,48.88,0.11,0.24,159.63,4,15,2014,23,3,44,0,246.11,182.13,182.09,243.43,73.52,23.07,56.02,8F15FAAB-EAFD-4FDE-BDA5-D7CAD5EDD597
$KAAZING,37.4189033,-121.9785156,14.90,48.88,0.11,0.24,159.63,4,15,2014,23,3,44,0,246.89,182.33,181.49,247.38,73.56,23.09,56.07,8F15FAAB-EAFD-4FDE-BDA5-D7CAD5EDD597
$KAAZING,37.4189033,-121.9785156,14.90,48.88,0.11,0.24,159.63,4,15,2014,23,3,44,0,247.86,182.23,181.45,247.38,73.58,23.10,56.05,8F15FAAB-EAFD-4FDE-BDA5-D7CAD5EDD597
$KAAZING,37.4189033,-121.9785156,14.90,48.88,0.11,0.24,159.63,4,15,2014,23,3,44,0,245.54,183.01,181.49,248.96,73.61,23.12,55.97,8F15FAAB-EAFD-4FDE-BDA5-D7CAD5EDD597
$KAAZING,37.4189033,-121.9785156,14.90,48.88,0.11,0.24,159.63,4,15,2014,23,3,45,0,246.04,183.01,181.49,248.96,73.61,23.12,55.92,8F15FAAB-EAFD-4FDE-BDA5-D7CAD5EDD597
$KAAZING,37.4189033,-121.9785156,14.90,48.88,0.11,0.24,159.63,4,15,2014,23,3,45,0,246.86,182.43,181.53,247.38,73.63,23.13,55.92,8F15FAAB-EAFD-4FDE-BDA5-D7CAD5EDD597
$KAAZING,37.4189033,-121.9785156,14.90,48.88,0.11,0.24,159.63,4,15,2014,23,3,45,0,246.83,183.01,180.79,252.90,73.61,23.12,55.97,8F15FAAB-EAFD-4FDE-BDA5-D7CAD5EDD597
$KAAZING,37.4189033,-121.9785156,14.90,48.88,0.11,0.24,159.63,4,15,2014,23,3,46,0,246.13,182.90,180.76,252.90,73.65,23.14,55.97,8F15FAAB-EAFD-4FDE-BDA5-D7CAD5EDD597
$KAAZING,37.4189033,-121.9785156,14.90,48.88,0.11,0.24,159.63,4,15,2014,23,3,46,0,245.50,183.01,181.49,248.96,73.69,23.16,55.97,8F15FAAB-EAFD-4FDE-BDA5-D7CAD5EDD597
$KAAZING,37.4189033,-121.9785156,14.90,48.88,0.11,0.24,159.63,4,15,2014,23,3,46,0,245.52,182.90,181.45,248.96,73.69,23.16,55.85,8F15FAAB-EAFD-4FDE-BDA5-D7CAD5EDD597
$KAAZING,37.4189033,-121.9785156,14.80,48.56,0.11,0.24,159.63,4,15,2014,23,3,47,0,246.71,182.33,181.49,247.38,73.70,23.17,55.85,8F15FAAB-EAFD-4FDE-BDA5-D7CAD5EDD597
$KAAZING,37.4189033,-121.9785156,14.80,48.56,0.11,0.24,159.63,4,15,2014,23,3,47,0,246.50,182.33,181.49,247.38,73.70,23.17,55.85,8F15FAAB-EAFD-4FDE-BDA5-D7CAD5EDD597
$KAAZING,37.4189033,-121.9785156,14.80,48.56,0.11,0.24,159.63,4,15,2014,23,3,47,0,245.44,183.01,181.49,248.96,73.72,23.18,55.74,8F15FAAB-EAFD-4FDE-BDA5-D7CAD5EDD597
$KAAZING,37.4189033,-121.9785156,14.80,48.56,0.15,0.35,165.81,4,15,2014,23,3,48,0,246.36,182.90,181.45,248.96,73.76,23.20,55.72,8F15FAAB-EAFD-4FDE-BDA5-D7CAD5EDD597
$KAAZING,37.4189033,-121.9785156,14.80,48.56,0.15,0.35,165.81,4,15,2014,23,3,48,0,246.48,182.90,181.45,248.96,73.78,23.21,55.67,8F15FAAB-EAFD-4FDE-BDA5-D7CAD5EDD597
$KAAZING,37.4189033,-121.9785156,14.70,48.23,0.15,0.35,165.81,4,15,2014,23,3,49,0,245.54,182.80,180.73,252.90,73.76,23.20,55.65,8F15FAAB-EAFD-4FDE-BDA5-D7CAD5EDD597
$KAAZING,37.4189033,-121.9785156,14.70,48.23,0.15,0.35,165.81,4,15,2014,23,3,49,0,245.90,182.90,181.45,248.96,73.81,23.23,55.65,8F15FAAB-EAFD-4FDE-BDA5-D7CAD5EDD597
$KAAZING,37.4189033,-121.9785156,14.70,48.23,0.15,0.35,165.81,4,15,2014,23,3,49,0,245.18,183.01,181.49,248.96,73.83,23.24,55.60,8F15FAAB-EAFD-4FDE-BDA5-D7CAD5EDD597
$KAAZING,37.4189071,-121.9785156,14.70,48.23,0.15,0.35,165.81,4,15,2014,23,3,50,0,246.24,183.01,181.49,248.96,73.85,23.25,55.56,8F15FAAB-EAFD-4FDE-BDA5-D7CAD5EDD597
$KAAZING,37.4189071,-121.9785156,14.70,48.23,0.15,0.35,165.81,4,15,2014,23,3,50,0,245.84,182.90,180.76,252.90,73.89,23.27,55.52,8F15FAAB-EAFD-4FDE-BDA5-D7CAD5EDD597
$KAAZING,37.4189071,-121.9785156,14.70,48.23,0.15,0.35,165.81,4,15,2014,23,3,50,0,247.19,182.23,182.13,243.43,73.90,23.28,55.48,8F15FAAB-EAFD-4FDE-BDA5-D7CAD5EDD597
$KAAZING,37.4189071,-121.9785156,14.70,48.23,0.15,0.35,165.81,4,15,2014,23,3,50,0,246.92,182.33,181.49,247.38,73.90,23.28,55.39,8F15FAAB-EAFD-4FDE-BDA5-D7CAD5EDD597
$KAAZING,37.4189071,-121.9785156,14.70,48.23,0.15,0.35,165.81,4,15,2014,23,3,51,0,246.59,183.01,180.79,252.90,73.90,23.28,55.29,8F15FAAB-EAFD-4FDE-BDA5-D7CAD5EDD597
$KAAZING,37.4189071,-121.9785156,14.70,48.23,0.15,0.35,165.81,4,15,2014,23,3,51,0,246.55,183.01,181.49,248.96,73.94,23.30,55.29,8F15FAAB-EAFD-4FDE-BDA5-D7CAD5EDD597
$KAAZING,37.4189071,-121.9785156,14.70,48.23,0.15,0.35,165.81,4,15,2014,23,3,51,0,246.21,182.33,181.49,247.38,73.94,23.30,55.20,8F15FAAB-EAFD-4FDE-BDA5-D7CAD5EDD597
$KAAZING,37.4189071,-121.9785156,14.70,48.23,0.15,0.35,165.81,4,15,2014,23,3,52,0,247.55,182.33,181.49,247.38,73.94,23.30,55.08,8F15FAAB-EAFD-4FDE-BDA5-D7CAD5EDD597
$KAAZING,37.4189071,-121.9785156,14.70,48.23,0.15,0.35,165.81,4,15,2014,23,3,52,0,246.22,183.01,181.49,248.96,73.96,23.31,55.01,8F15FAAB-EAFD-4FDE-BDA5-D7CAD5EDD597
$KAAZING,37.4189071,-121.9785156,14.70,48.23,0.15,0.35,165.81,4,15,2014,23,3,52,0,245.95,183.01,180.79,252.90,73.98,23.32,54.94,8F15FAAB-EAFD-4FDE-BDA5-D7CAD5EDD597
$KAAZING,37.4189071,-121.9785156,14.70,48.23,0.06,0.14,129.17,4,15,2014,23,3,53,0,245.68,183.01,182.18,245.22,73.98,23.32,54.85,8F15FAAB-EAFD-4FDE-BDA5-D7CAD5EDD597
$KAAZING,37.4189071,-121.9785156,14.70,48.23,0.06,0.14,129.17,4,15,2014,23,3,53,0,247.40,182.23,181.45,247.38,73.98,23.32,54.75,8F15FAAB-EAFD-4FDE-BDA5-D7CAD5EDD597
$KAAZING,37.4189071,-121.9785156,14.70,48.23,0.06,0.14,129.17,4,15,2014,23,3,53,0,251.67,181.04,180.12,253.30,73.98,23.32,54.63,8F15FAAB-EAFD-4FDE-BDA5-D7CAD5EDD597
$KAAZING,37.4189109,-121.9785156,14.70,48.23,0.06,0.13,126.75,4,15,2014,23,3,54,0,240.03,182.40,189.56,215.84,73.96,23.31,54.63,8F15FAAB-EAFD-4FDE-BDA5-D7CAD5EDD597
$KAAZING,37.4189109,-121.9785156,14.70,48.23,0.06,0.13,126.75,4,15,2014,23,3,54,0,233.55,181.50,185.99,223.15,73.96,23.31,54.59,8F15FAAB-EAFD-4FDE-BDA5-D7CAD5EDD597
$KAAZING,37.4189109,-121.9785156,14.60,47.90,0.06,0.13,126.75,4,15,2014,23,3,55,0,238.06,181.43,178.83,263.66,73.90,23.28,54.61,8F15FAAB-EAFD-4FDE-BDA5-D7CAD5EDD597
$KAAZING,37.4189109,-121.9785156,14.60,47.90,0.06,0.13,126.75,4,15,2014,23,3,55,0,223.92,185.77,181.97,251.57,73.89,23.27,54.63,8F15FAAB-EAFD-4FDE-BDA5-D7CAD5EDD597
$KAAZING,37.4189109,-121.9785156,14.60,47.90,0.06,0.13,126.75,4,15,2014,23,3,55,0,232.43,183.23,181.58,248.96,73.85,23.25,54.64,8F15FAAB-EAFD-4FDE-BDA5-D7CAD5EDD597
$KAAZING,37.4189109,-121.9785156,14.90,48.88,0.06,0.13,126.75,4,15,2014,23,3,56,0,241.37,181.46,178.00,270.00,73.81,23.23,54.58,8F15FAAB-EAFD-4FDE-BDA5-D7CAD5EDD597
$KAAZING,37.4189109,-121.9785156,14.90,48.88,0.06,0.13,126.75,4,15,2014,23,3,56,0,236.38,181.64,179.40,259.70,73.81,23.23,54.63,8F15FAAB-EAFD-4FDE-BDA5-D7CAD5EDD597
$KAAZING,37.4189109,-121.9785156,14.90,48.88,0.06,0.13,126.75,4,15,2014,23,3,56,0,240.01,179.38,181.37,237.99,73.81,23.23,54.69,8F15FAAB-EAFD-4FDE-BDA5-D7CAD5EDD597
$KAAZING,37.4189071,-121.9785156,15.00,49.21,0.06,0.13,126.75,4,15,2014,23,3,57,0,239.42,180.12,179.36,257.47,73.78,23.21,54.67,8F15FAAB-EAFD-4FDE-BDA5-D7CAD5EDD597
$KAAZING,37.4189071,-121.9785156,15.00,49.21,0.06,0.13,126.75,4,15,2014,23,3,57,0,234.72,181.83,179.43,259.70,73.76,23.20,54.74,8F15FAAB-EAFD-4FDE-BDA5-D7CAD5EDD597
$KAAZING,37.4189071,-121.9785156,15.00,49.21,0.06,0.13,126.75,4,15,2014,23,3,57,0,235.83,187.74,180.54,259.70,73.72,23.18,54.85,8F15FAAB-EAFD-4FDE-BDA5-D7CAD5EDD597
$KAAZING,37.4189071,-121.9785156,15.20,49.87,0.06,0.13,126.75,4,15,2014,23,3,58,0,232.87,181.89,174.60,293.20,73.76,23.20,54.88,8F15FAAB-EAFD-4FDE-BDA5-D7CAD5EDD597
$KAAZING,37.4189071,-121.9785156,15.20,49.87,0.06,0.13,126.75,4,15,2014,23,3,58,0,229.45,176.49,184.82,199.98,73.76,23.20,54.91,8F15FAAB-EAFD-4FDE-BDA5-D7CAD5EDD597
$KAAZING,37.4189071,-121.9785156,15.20,49.87,0.06,0.13,126.75,4,15,2014,23,3,58,0,226.28,179.44,182.09,233.13,73.76,23.20,54.97,8F15FAAB-EAFD-4FDE-BDA5-D7CAD5EDD597
$KAAZING,37.4189071,-121.9785156,15.20,49.87,0.06,0.13,126.75,4,15,2014,23,3,58,0,225.46,182.80,180.73,252.90,73.81,23.23,55.05,8F15FAAB-EAFD-4FDE-BDA5-D7CAD5EDD597
$KAAZING,37.4189071,-121.9785156,15.20,49.87,0.06,0.13,126.75,4,15,2014,23,3,58,0,228.61,180.95,182.18,239.04,73.83,23.24,55.02,8F15FAAB-EAFD-4FDE-BDA5-D7CAD5EDD597
$KAAZING,37.4189071,-121.9785156,15.20,49.87,0.06,0.13,126.75,4,15,2014,23,3,58,0,226.23,181.64,182.88,237.53,73.83,23.24,55.02,8F15FAAB-EAFD-4FDE-BDA5-D7CAD5EDD597
$KAAZING,37.4189071,-121.9785156,15.20,49.87,0.06,0.13,126.75,4,15,2014,23,3,58,0,226.79,180.79,184.12,228.01,73.81,23.23,54.93,8F15FAAB-EAFD-4FDE-BDA5-D7CAD5EDD597
$KAAZING,37.4189109,-121.9785156,15.20,49.87,0.39,0.87,355.96,4,15,2014,23,4,0,0,226.87,180.87,182.82,235.01,73.81,23.23,54.91,8F15FAAB-EAFD-4FDE-BDA5-D7CAD5EDD597
$KAAZING,37.4189109,-121.9785156,15.20,49.87,0.39,0.87,355.96,4,15,2014,23,4,0,0,227.33,181.64,182.88,237.53,73.76,23.20,54.86,8F15FAAB-EAFD-4FDE-BDA5-D7CAD5EDD597
$KAAZING,37.4189109,-121.9785156,15.20,49.87,0.39,0.87,355.96,4,15,2014,23,4,1,0,228.94,181.55,182.13,241.39,73.69,23.16,54.92,8F15FAAB-EAFD-4FDE-BDA5-D7CAD5EDD597
$KAAZING,37.4189109,-121.9785156,15.20,49.87,0.39,0.87,355.96,4,15,2014,23,4,1,0,228.26,181.55,182.13,241.39,73.69,23.16,54.99,8F15FAAB-EAFD-4FDE-BDA5-D7CAD5EDD597
$KAAZING,37.4189109,-121.9785156,15.20,49.87,0.39,0.87,355.96,4,15,2014,23,4,1,0,227.69,181.73,182.24,241.39,73.69,23.16,55.06,8F15FAAB-EAFD-4FDE-BDA5-D7CAD5EDD597
$KAAZING,37.4189109,-121.9785156,15.30,50.20,0.39,0.87,355.96,4,15,2014,23,4,2,0,228.22,181.64,182.18,241.39,73.63,23.13,55.10,8F15FAAB-EAFD-4FDE-BDA5-D7CAD5EDD597
$KAAZING,37.4189109,-121.9785156,15.30,50.20,0.39,0.87,355.96,4,15,2014,23,4,2,0,229.09,181.73,182.24,241.39,73.63,23.13,55.13,8F15FAAB-EAFD-4FDE-BDA5-D7CAD5EDD597
$KAAZING,37.4189109,-121.9785156,15.30,50.20,0.39,0.87,355.96,4,15,2014,23,4,2,0,227.64,181.73,182.24,241.39,73.63,23.13,55.20,8F15FAAB-EAFD-4FDE-BDA5-D7CAD5EDD597
$KAAZING,37.4189109,-121.9785156,15.40,50.52,0.39,0.87,355.96,4,15,2014,23,4,3,0,229.10,181.55,182.13,241.39,73.65,23.14,55.22,8F15FAAB-EAFD-4FDE-BDA5-D7CAD5EDD597
$KAAZING,37.4189109,-121.9785156,15.40,50.52,0.39,0.87,355.96,4,15,2014,23,4,3,0,228.15,181.64,181.49,245.56,73.69,23.16,55.27,8F15FAAB-EAFD-4FDE-BDA5-D7CAD5EDD597
$KAAZING,37.4189109,-121.9785156,15.40,50.52,0.39,0.87,355.96,4,15,2014,23,4,3,0,227.95,181.64,182.18,241.39,73.70,23.17,55.34,8F15FAAB-EAFD-4FDE-BDA5-D7CAD5EDD597
$KAAZING,37.4189071,-121.9785156,15.40,50.52,0.39,0.87,355.96,4,15,2014,23,4,4,0,229.58,180.95,182.18,239.04,73.70,23.17,55.43,8F15FAAB-EAFD-4FDE-BDA5-D7CAD5EDD597
$KAAZING,37.4189071,-121.9785156,15.40,50.52,0.39,0.87,355.96,4,15,2014,23,4,4,0,227.96,181.55,182.13,241.39,73.72,23.18,55.43,8F15FAAB-EAFD-4FDE-BDA5-D7CAD5EDD597
$KAAZING,37.4189071,-121.9785156,15.40,50.52,0.39,0.87,355.96,4,15,2014,23,4,4,0,228.35,181.55,182.13,241.39,73.76,23.20,55.49,8F15FAAB-EAFD-4FDE-BDA5-D7CAD5EDD597
$KAAZING,37.4189071,-121.9785156,15.40,50.52,0.39,0.87,355.96,4,15,2014,23,4,4,0,228.62,180.95,182.88,235.01,73.78,23.21,55.52,8F15FAAB-EAFD-4FDE-BDA5-D7CAD5EDD597
$KAAZING,37.4189071,-121.9785156,15.40,50.52,0.07,0.15,124.93,4,15,2014,23,4,5,0,227.78,181.64,182.18,241.39,73.81,23.23,55.54,8F15FAAB-EAFD-4FDE-BDA5-D7CAD5EDD597
$KAAZING,37.4189071,-121.9785156,15.40,50.52,0.07,0.15,124.93,4,15,2014,23,4,5,0,228.38,181.64,181.49,245.56,73.81,23.23,55.56,8F15FAAB-EAFD-4FDE-BDA5-D7CAD5EDD597
$KAAZING,37.4189071,-121.9785156,15.40,50.52,0.07,0.15,124.93,4,15,2014,23,4,5,0,227.98,180.95,182.18,239.04,73.81,23.23,55.56,8F15FAAB-EAFD-4FDE-BDA5-D7CAD5EDD597
$KAAZING,37.4189071,-121.9785156,15.40,50.52,0.07,0.15,124.93,4,15,2014,23,4,5,0,226.81,181.64,182.88,237.53,73.83,23.24,55.56,8F15FAAB-EAFD-4FDE-BDA5-D7CAD5EDD597
$KAAZING,37.4189071,-121.9785156,15.40,50.52,0.07,0.15,124.93,4,15,2014,23,4,5,0,226.91,181.73,182.24,241.39,73.83,23.24,55.58,8F15FAAB-EAFD-4FDE-BDA5-D7CAD5EDD597
$KAAZING,37.4189109,-121.9785156,15.80,51.84,0.07,0.15,124.93,4,15,2014,23,4,7,0,227.36,181.64,182.88,237.53,73.83,23.24,55.65,8F15FAAB-EAFD-4FDE-BDA5-D7CAD5EDD597
$KAAZING,37.4189109,-121.9785156,15.80,51.84,0.07,0.15,124.93,4,15,2014,23,4,7,0,227.94,181.55,182.82,237.53,73.85,23.25,55.72,8F15FAAB-EAFD-4FDE-BDA5-D7CAD5EDD597
$KAAZING,37.4189109,-121.9785156,15.80,51.84,0.07,0.15,124.93,4,15,2014,23,4,7,0,227.38,181.64,182.18,241.39,73.89,23.27,55.81,8F15FAAB-EAFD-4FDE-BDA5-D7CAD5EDD597
$KAAZING,37.4189147,-121.9785156,15.90,52.17,0.07,0.15,124.93,4,15,2014,23,4,8,0,232.90,181.55,182.82,237.53,73.90,23.28,55.78,8F15FAAB-EAFD-4FDE-BDA5-D7CAD5EDD597
$KAAZING,37.4189147,-121.9785156,15.90,52.17,0.07,0.15,124.93,4,15,2014,23,4,8,0,233.17,180.50,180.17,251.57,73.94,23.30,55.74,8F15FAAB-EAFD-4FDE-BDA5-D7CAD5EDD597
$KAAZING,37.4189147,-121.9785156,15.90,52.17,0.07,0.15,124.93,4,15,2014,23,4,8,0,225.07,182.33,182.88,239.74,73.90,23.28,55.71,8F15FAAB-EAFD-4FDE-BDA5-D7CAD5EDD597
$KAAZING,37.4189147,-121.9785156,16.10,52.82,0.07,0.15,124.93,4,15,2014,23,4,9,0,231.40,181.73,180.83,250.02,73.90,23.28,55.71,8F15FAAB-EAFD-4FDE-BDA5-D7CAD5EDD597
$KAAZING,37.4189147,-121.9785156,16.10,52.82,0.07,0.15,124.93,4,15,2014,23,4,9,0,233.52,180.95,180.10,253.30,73.90,23.28,55.69,8F15FAAB-EAFD-4FDE-BDA5-D7CAD5EDD597
$KAAZING,37.4189147,-121.9785156,16.10,52.82,0.07,0.15,124.93,4,15,2014,23,4,9,0,231.52,180.95,181.49,243.43,73.90,23.28,55.69,8F15FAAB-EAFD-4FDE-BDA5-D7CAD5EDD597
$KAAZING,37.4189147,-121.9785156,16.10,52.82,0.19,0.43,26.44,4,15,2014,23,4,10,0,228.18,181.55,182.82,237.53,73.90,23.28,55.69,8F15FAAB-EAFD-4FDE-BDA5-D7CAD5EDD597
$KAAZING,37.4189147,-121.9785156,16.10,52.82,0.19,0.43,26.44,4,15,2014,23,4,10,0,230.64,181.46,182.76,237.53,73.94,23.30,55.71,8F15FAAB-EAFD-4FDE-BDA5-D7CAD5EDD597
$KAAZING,37.4189147,-121.9785156,16.10,52.82,0.19,0.43,26.44,4,15,2014,23,4,10,0,229.47,182.53,181.58,247.38,73.94,23.30,55.69,8F15FAAB-EAFD-4FDE-BDA5-D7CAD5EDD597
$KAAZING,37.4189147,-121.9785156,16.10,52.82,0.19,0.43,26.44,4,15,2014,23,4,10,0,229.13,182.33,182.18,243.43,73.96,23.31,55.71,8F15FAAB-EAFD-4FDE-BDA5-D7CAD5EDD597
$KAAZING,37.4189147,-121.9785156,16.10,52.82,0.11,0.24,341.21,4,15,2014,23,4,11,0,225.77,180.79,184.12,228.01,73.98,23.32,55.71,8F15FAAB-EAFD-4FDE-BDA5-D7CAD5EDD597
$KAAZING,37.4189147,-121.9785156,16.10,52.82,0.11,0.24,341.21,4,15,2014,23,4,11,0,226.16,181.83,180.86,250.02,74.01,23.34,55.71,8F15FAAB-EAFD-4FDE-BDA5-D7CAD5EDD597
$KAAZING,37.4189147,-121.9785156,16.10,52.82,0.11,0.24,341.21,4,15,2014,23,4,11,0,234.62,180.95,180.10,253.30,74.03,23.35,55.71,8F15FAAB-EAFD-4FDE-BDA5-D7CAD5EDD597
$KAAZING,37.4189147,-121.9785156,16.10,52.82,0.11,0.24,341.21,4,15,2014,23,4,11,0,222.86,182.80,184.79,232.43,74.05,23.36,55.75,8F15FAAB-EAFD-4FDE-BDA5-D7CAD5EDD597
$KAAZING,37.4189147,-121.9785156,16.10,52.82,0.11,0.24,341.21,4,15,2014,23,4,11,0,237.24,178.94,180.12,246.80,74.09,23.38,55.81,8F15FAAB-EAFD-4FDE-BDA5-D7CAD5EDD597
$KAAZING,37.4189147,-121.9785156,16.10,52.82,0.11,0.24,341.21,4,15,2014,23,4,11,0,231.48,182.33,179.40,260.54,74.10,23.39,55.84,8F15FAAB-EAFD-4FDE-BDA5-D7CAD5EDD597
$KAAZING,37.4189147,-121.9785156,16.10,52.82,0.11,0.24,341.21,4,15,2014,23,4,11,0,231.97,179.44,182.09,233.13,74.14,23.41,55.84,8F15FAAB-EAFD-4FDE-BDA5-D7CAD5EDD597
$KAAZING,37.4189147,-121.9785156,16.10,52.82,0.11,0.24,341.21,4,15,2014,23,4,11,0,230.73,181.64,179.40,259.70,74.14,23.41,55.81,8F15FAAB-EAFD-4FDE-BDA5-D7CAD5EDD597
$KAAZING,37.4189186,-121.9785156,15.60,51.18,0.11,0.24,341.21,4,15,2014,23,4,14,0,225.33,183.81,182.94,243.43,74.16,23.42,55.86,8F15FAAB-EAFD-4FDE-BDA5-D7CAD5EDD597
$KAAZING,37.4189186,-121.9785156,15.60,51.18,0.11,0.24,341.21,4,15,2014,23,4,14,0,226.98,182.43,181.53,247.38,74.21,23.45,55.90,8F15FAAB-EAFD-4FDE-BDA5-D7CAD5EDD597
$KAAZING,37.4189186,-121.9785156,15.60,51.18,0.11,0.24,341.21,4,15,2014,23,4,14,0,230.90,181.46,182.76,237.53,74.21,23.45,55.90,8F15FAAB-EAFD-4FDE-BDA5-D7CAD5EDD597
$KAAZING,37.4189186,-121.9785156,15.50,50.85,0.11,0.24,341.21,4,15,2014,23,4,15,0,225.65,182.90,182.13,245.22,74.23,23.46,55.90,8F15FAAB-EAFD-4FDE-BDA5-D7CAD5EDD597
$KAAZING,37.4189186,-121.9785156,15.50,50.85,0.11,0.24,341.21,4,15,2014,23,4,15,0,226.36,182.33,180.79,251.57,74.23,23.46,55.78,8F15FAAB-EAFD-4FDE-BDA5-D7CAD5EDD597
$KAAZING,37.4189186,-121.9785156,15.50,50.85,0.11,0.24,341.21,4,15,2014,23,4,15,0,227.21,183.12,182.94,241.70,74.23,23.46,55.66,8F15FAAB-EAFD-4FDE-BDA5-D7CAD5EDD597
$KAAZING,37.4189186,-121.9785156,15.50,50.85,0.11,0.24,341.21,4,15,2014,23,4,16,0,227.20,180.12,186.80,214.70,74.23,23.46,55.60,8F15FAAB-EAFD-4FDE-BDA5-D7CAD5EDD597
$KAAZING,37.4189186,-121.9785156,15.50,50.85,0.11,0.24,341.21,4,15,2014,23,4,16,0,227.56,181.55,182.13,241.39,74.23,23.46,55.55,8F15FAAB-EAFD-4FDE-BDA5-D7CAD5EDD597
$KAAZING,37.4189186,-121.9785156,15.50,50.85,0.11,0.24,341.21,4,15,2014,23,4,16,0,228.82,180.12,182.09,236.31,74.25,23.47,55.53,8F15FAAB-EAFD-4FDE-BDA5-D7CAD5EDD597
$KAAZING,37.4189186,-121.9785156,15.50,50.85,0.11,0.24,341.21,4,15,2014,23,4,16,0,230.95,180.26,182.88,232.13,74.25,23.47,55.55,8F15FAAB-EAFD-4FDE-BDA5-D7CAD5EDD597
$KAAZING,37.4189186,-121.9785156,15.50,50.85,0.11,0.24,341.21,4,15,2014,23,4,16,0,229.91,180.34,180.83,246.04,74.28,23.49,55.53,8F15FAAB-EAFD-4FDE-BDA5-D7CAD5EDD597
$KAAZING,37.4189186,-121.9785156,15.50,50.85,0.06,0.13,133.14,4,15,2014,23,4,17,0,233.55,179.51,182.13,233.13,74.28,23.49,55.55,8F15FAAB-EAFD-4FDE-BDA5-D7CAD5EDD597
$KAAZING,37.4189186,-121.9785156,15.50,50.85,0.06,0.13,133.14,4,15,2014,23,4,17,0,228.52,183.01,181.49,248.96,74.30,23.50,55.61,8F15FAAB-EAFD-4FDE-BDA5-D7CAD5EDD597
$KAAZING,37.4189186,-121.9785156,15.50,50.85,0.06,0.13,133.14,4,15,2014,23,4,17,0,229.08,180.95,182.88,235.01,74.34,23.52,55.64,8F15FAAB-EAFD-4FDE-BDA5-D7CAD5EDD597
$KAAZING,37.4189224,-121.9785156,15.20,49.87,0.06,0.13,133.14,4,15,2014,23,4,19,0,234.11,180.34,180.83,246.04,74.30,23.50,55.74,8F15FAAB-EAFD-4FDE-BDA5-D7CAD5EDD597
$KAAZING,37.4189224,-121.9785156,15.20,49.87,0.06,0.13,133.14,4,15,2014,23,4,19,0,233.90,181.21,178.73,264.29,74.34,23.52,55.76,8F15FAAB-EAFD-4FDE-BDA5-D7CAD5EDD597
$KAAZING,37.4189224,-121.9785156,15.20,49.87,0.06,0.13,133.14,4,15,2014,23,4,19,0,229.11,183.23,180.86,252.90,74.34,23.52,55.74,8F15FAAB-EAFD-4FDE-BDA5-D7CAD5EDD597
$KAAZING,37.4189224,-121.9785156,15.20,49.87,0.06,0.13,133.14,4,15,2014,23,4,19,0,229.45,181.64,182.18,241.39,74.34,23.52,55.61,8F15FAAB-EAFD-4FDE-BDA5-D7CAD5EDD597
$KAAZING,37.4189224,-121.9785156,15.20,49.87,0.06,0.13,133.14,4,15,2014,23,4,20,0,231.25,181.64,180.79,250.02,74.36,23.53,55.58,8F15FAAB-EAFD-4FDE-BDA5-D7CAD5EDD597
$KAAZING,37.4189224,-121.9785156,15.20,49.87,0.06,0.13,133.14,4,15,2014,23,4,20,0,222.63,185.04,182.88,246.37,74.38,23.54,55.54,8F15FAAB-EAFD-4FDE-BDA5-D7CAD5EDD597
$KAAZING,37.4189224,-121.9785156,15.20,49.87,0.06,0.13,133.14,4,15,2014,23,4,20,0,233.56,178.94,181.53,234.46,74.36,23.53,55.52,8F15FAAB-EAFD-4FDE-BDA5-D7CAD5EDD597
$KAAZING,37.4189224,-121.9785156,15.10,49.54,0.06,0.13,133.14,4,15,2014,23,4,21,0,233.78,178.88,182.88,225.00,74.38,23.54,55.54,8F15FAAB-EAFD-4FDE-BDA5-D7CAD5EDD597
$KAAZING,37.4189224,-121.9785156,15.10,49.54,0.06,0.13,133.14,4,15,2014,23,4,21,0,221.80,182.70,185.37,229.76,74.38,23.54,55.52,8F15FAAB-EAFD-4FDE-BDA5-D7CAD5EDD597
$KAAZING,37.4189224,-121.9785156,15.10,49.54,0.06,0.13,133.14,4,15,2014,23,4,21,0,235.56,178.82,182.13,229.40,74.41,23.56,55.40,8F15FAAB-EAFD-4FDE-BDA5-D7CAD5EDD597
$KAAZING,37.4189224,-121.9785156,15.00,49.21,0.06,0.13,133.14,4,15,2014,23,4,22,0,232.62,178.94,182.24,229.40,74.38,23.54,55.42,8F15FAAB-EAFD-4FDE-BDA5-D7CAD5EDD597
$KAAZING,37.4189224,-121.9785156,15.00,49.21,0.06,0.13,133.14,4,15,2014,23,4,22,0,231.22,181.64,181.49,245.56,74.38,23.54,55.47,8F15FAAB-EAFD-4FDE-BDA5-D7CAD5EDD597
$KAAZING,37.4189224,-121.9785156,15.00,49.21,0.06,0.13,133.14,4,15,2014,23,4,22,0,230.16,181.04,182.94,235.01,74.38,23.54,55.42,8F15FAAB-EAFD-4FDE-BDA5-D7CAD5EDD597
$KAAZING,37.4189224,-121.9785156,15.00,49.21,0.06,0.14,132.36,4,15,2014,23,4,23,0,231.74,180.26,181.49,240.95,74.43,23.57,55.35,8F15FAAB-EAFD-4FDE-BDA5-D7CAD5EDD597
$KAAZING,37.4189224,-121.9785156,15.00,49.21,0.06,0.14,132.36,4,15,2014,23,4,23,0,222.06,182.04,184.71,230.19,74.43,23.57,55.28,8F15FAAB-EAFD-4FDE-BDA5-D7CAD5EDD597
$KAAZING,37.4189224,-121.9785156,15.00,49.21,0.06,0.14,132.36,4,15,2014,23,4,23,0,228.79,180.95,181.49,243.43,74.43,23.57,55.09,8F15FAAB-EAFD-4FDE-BDA5-D7CAD5EDD597
$KAAZING,37.4189224,-121.9785156,15.00,49.21,0.06,0.14,129.75,4,15,2014,23,4,24,0,232.53,181.13,180.15,253.30,74.41,23.56,55.07,8F15FAAB-EAFD-4FDE-BDA5-D7CAD5EDD597
$KAAZING,37.4189224,-121.9785156,15.00,49.21,0.06,0.14,129.75,4,15,2014,23,4,24,0,229.92,180.87,181.45,243.43,74.43,23.57,55.05,8F15FAAB-EAFD-4FDE-BDA5-D7CAD5EDD597
$KAAZING,37.4189224,-121.9785156,14.70,48.23,0.06,0.14,129.75,4,15,2014,23,4,25,0,242.37,176.66,183.97,203.96,74.41,23.56,54.86,8F15FAAB-EAFD-4FDE-BDA5-D7CAD5EDD597
$KAAZING,37.4189224,-121.9785156,14.70,48.23,0.06,0.14,129.75,4,15,2014,23,4,25,0,233.86,181.73,180.83,250.02,74.41,23.56,54.81,8F15FAAB-EAFD-4FDE-BDA5-D7CAD5EDD597
$KAAZING,37.4189224,-121.9785156,14.70,48.23,0.06,0.14,129.75,4,15,2014,23,4,25,0,242.07,177.53,180.12,239.04,74.43,23.57,54.74,8F15FAAB-EAFD-4FDE-BDA5-D7CAD5EDD597
$KAAZING,37.4189262,-121.9785156,14.70,48.23,0.06,0.14,129.75,4,15,2014,23,4,26,0,238.83,186.94,177.23,273.37,74.41,23.56,54.67,8F15FAAB-EAFD-4FDE-BDA5-D7CAD5EDD597
$KAAZING,37.4189262,-121.9785156,14.70,48.23,0.06,0.14,129.75,4,15,2014,23,4,26,0,248.82,172.03,184.56,163.30,74.41,23.56,54.58,8F15FAAB-EAFD-4FDE-BDA5-D7CAD5EDD597
$KAAZING,37.4189262,-121.9785156,14.70,48.23,0.06,0.14,129.75,4,15,2014,23,4,26,0,248.39,182.75,179.47,260.54,74.38,23.54,54.55,8F15FAAB-EAFD-4FDE-BDA5-D7CAD5EDD597
$KAAZING,37.4189262,-121.9785156,14.70,48.23,0.06,0.14,129.75,4,15,2014,23,4,26,0,254.75,180.52,187.74.38,23.54,54.53,8F15FAAB-EAFD-4FDE-BDA5-D7CAD5EDD597
$KAAZING,37.4189262,-121.9785156,14.60,47.90,0.06,0.14,129.75,4,15,2014,23,4,27,0,264.65,186.22,176.82,275.44,74.34,23.52,54.50,8F15FAAB-EAFD-4FDE-BDA5-D7CAD5EDD597
$KAAZING,37.4189262,-121.9785156,14.60,47.90,0.06,0.14,129.75,4,15,2014,23,4,27,0,266.94,195.04,178.73,268.09,74.25,23.47,54.47,8F15FAAB-EAFD-4FDE-BDA5-D7CAD5EDD597
$KAAZING,37.4189262,-121.9785156,14.80,48.56,0.06,0.14,129.75,4,15,2014,23,4,28,0,254.51,180.34,194.50,200.56,74.16,23.42,54.49,8F15FAAB-EAFD-4FDE-BDA5-D7CAD5EDD597
$KAAZING,37.4189262,-121.9785156,14.80,48.56,0.06,0.14,129.75,4,15,2014,23,4,28,0,261.35,185.85,179.41,263.29,74.05,23.36,54.58,8F15FAAB-EAFD-4FDE-BDA5-D7CAD5EDD597
$KAAZING,37.4189262,-121.9785156,14.80,48.56,0.06,0.14,129.75,4,15,2014,23,4,28,0,252.61,174.66,188.42,183.58,74.01,23.34,54.66,8F15FAAB-EAFD-4FDE-BDA5-D7CAD5EDD597
$KAAZING,37.4189262,-121.9785156,14.80,48.56,0.06,0.14,129.75,4,15,2014,23,4,28,0,249.63,180.63,191.09,206.57,73.89,23.27,54.49,8F15FAAB-EAFD-4FDE-BDA5-D7CAD5EDD597
$KAAZING,37.4189300,-121.9785156,14.80,48.56,0.28,0.63,340.04,4,15,2014,23,4,29,0,247.48,180.25,195.49,199.18,73.83,23.24,54.36,8F15FAAB-EAFD-4FDE-BDA5-D7CAD5EDD597
$KAAZING,37.4189300,-121.9785156,14.80,48.56,0.28,0.63,340.04,4,15,2014,23,4,29,0,251.14,192.15,176.12,275.71,73.76,23.20,54.31,8F15FAAB-EAFD-4FDE-BDA5-D7CAD5EDD597
$KAAZING,37.4189300,-121.9785156,14.80,48.56,0.28,0.63,340.04,4,15,2014,23,4,29,0,252.98,186.77,185.59,239.53,73.58,23.10,54.44,8F15FAAB-EAFD-4FDE-BDA5-D7CAD5EDD597
$KAAZING,37.4189338,-121.9785156,14.80,48.56,0.96,2.14,321.08,4,15,2014,23,4,30,0,252.39,179.27,190.15,203.20,73.58,23.10,54.46,8F15FAAB-EAFD-4FDE-BDA5-D7CAD5EDD597
$KAAZING,37.4189338,-121.9785156,14.80,48.56,0.96,2.14,321.08,4,15,2014,23,4,30,0,261.28,178.24,189.17,200.56,73.52,23.07,54.46,8F15FAAB-EAFD-4FDE-BDA5-D7CAD5EDD597
$KAAZING,37.4189376,-121.9785232,16.30,53.48,0.96,2.14,321.08,4,15,2014,23,4,31,0,258.14,181.05,186.31,220.24,73.41,23.01,54.50,8F15FAAB-EAFD-4FDE-BDA5-D7CAD5EDD597
$KAAZING,37.4189376,-121.9785232,16.30,53.48,0.96,2.14,321.08,4,15,2014,23,4,31,0,250.00,185.59,181.67,252.65,73.36,22.98,54.52,8F15FAAB-EAFD-4FDE-BDA5-D7CAD5EDD597
$KAAZING,37.4189376,-121.9785232,16.30,53.48,0.96,2.14,321.08,4,15,2014,23,4,31,0,246.45,188.98,173.97,284.74,73.29,22.94,54.60,8F15FAAB-EAFD-4FDE-BDA5-D7CAD5EDD597
$KAAZING,37.4189376,-121.9785232,16.80,55.12,0.96,2.14,321.08,4,15,2014,23,4,32,0,248.56,186.99,181.67,254.48,73.18,22.88,54.78,8F15FAAB-EAFD-4FDE-BDA5-D7CAD5EDD597
$KAAZING,37.4189376,-121.9785232,16.80,55.12,0.96,2.14,321.08,4,15,2014,23,4,32,0,209.42,177.18,188.70,196.39,73.03,22.80,55.06,8F15FAAB-EAFD-4FDE-BDA5-D7CAD5EDD597
$KAAZING,37.4189376,-121.9785232,16.80,55.12,0.96,2.14,321.08,4,15,2014,23,4,32,0,155.03,182.90,181.45,248.96,72.91,22.73,55.00,8F15FAAB-EAFD-4FDE-BDA5-D7CAD5EDD597
$KAAZING,37.4189376,-121.9785232,16.30,53.48,0.96,2.14,321.08,4,15,2014,23,4,33,0,68.72,180.91,187.18,216.87,72.78,22.66,54.82,8F15FAAB-EAFD-4FDE-BDA5-D7CAD5EDD597
$KAAZING,37.4189376,-121.9785232,16.30,53.48,0.96,2.14,321.08,4,15,2014,23,4,33,0,77.18,177.37,183.60,210.96,72.74,22.64,54.82,8F15FAAB-EAFD-4FDE-BDA5-D7CAD5EDD597
$KAAZING,37.4189376,-121.9785232,16.30,53.48,0.96,2.14,321.08,4,15,2014,23,4,33,0,87.05,172.81,194.26,175.91,72.67,22.60,54.91,8F15FAAB-EAFD-4FDE-BDA5-D7CAD5EDD597
$KAAZING,37.4189376,-121.9785232,16.30,53.48,0.96,2.14,321.08,4,15,2014,23,4,33,0,114.32,188.70,174.25,284.04,72.54,22.52,55.03,8F15FAAB-EAFD-4FDE-BDA5-D7CAD5EDD597
$KAAZING,37.4189376,-121.9785232,16.30,53.48,0.96,2.14,321.08,4,15,2014,23,4,33,0,98.82,186.14,175.10,283.24,72.51,22.50,55.22,8F15FAAB-EAFD-4FDE-BDA5-D7CAD5EDD597
$KAAZING,37.4189376,-121.9785232,16.30,53.48,0.96,2.14,321.08,4,15,2014,23,4,33,0,102.43,171.06,180.94,135.00,72.47,22.48,55.29,8F15FAAB-EAFD-4FDE-BDA5-D7CAD5EDD597
$KAAZING,37.4189376,-121.9785232,16.30,53.48,0.96,2.14,321.08,4,15,2014,23,4,33,0,90.97,178.61,170.65,327.99,72.36,22.42,55.38,8F15FAAB-EAFD-4FDE-BDA5-D7CAD5EDD597
$KAAZING,37.4189186,-121.9785232,16.30,53.48,0.92,2.06,178.23,4,15,2014,23,4,35,0,99.63,172.55,183.06,164.05,72.34,22.41,55.52,8F15FAAB-EAFD-4FDE-BDA5-D7CAD5EDD597
$KAAZING,37.4189186,-121.9785232,16.30,53.48,0.92,2.06,178.23,4,15,2014,23,4,35,0,94.80,182.33,178.70,265.24,72.29,22.38,55.60,8F15FAAB-EAFD-4FDE-BDA5-D7CAD5EDD597
$KAAZING,37.4189186,-121.9785232,16.30,53.48,0.92,2.06,178.23,4,15,2014,23,4,35,0,81.42,188.68,175.95,277.77,72.22,22.34,55.78,8F15FAAB-EAFD-4FDE-BDA5-D7CAD5EDD597
$KAAZING,37.4189186,-121.9785232,16.30,53.48,0.92,2.06,178.23,4,15,2014,23,4,35,0,94.53,182.24,174.24,294.44,72.18,22.32,55.92,8F15FAAB-EAFD-4FDE-BDA5-D7CAD5EDD597
$KAAZING,37.4189186,-121.9785232,16.30,53.48,0.92,2.06,178.23,4,15,2014,23,4,35,0,91.32,180.82,181.11,245.56,72.16,22.31,56.01,8F15FAAB-EAFD-4FDE-BDA5-D7CAD5EDD597
$KAAZING,37.4189186,-121.9785156,20.50,67.26,0.92,2.06,178.23,4,15,2014,23,4,37,0,87.10,177.25,177.35,281.31,72.11,22.28,56.17,8F15FAAB-EAFD-4FDE-BDA5-D7CAD5EDD597
$KAAZING,37.4189186,-121.9785156,20.50,67.26,0.92,2.06,178.23,4,15,2014,23,4,37,0,104.41,172.64,184.12,167.47,72.05,22.25,56.43,8F15FAAB-EAFD-4FDE-BDA5-D7CAD5EDD597
$KAAZING,37.4189186,-121.9785156,20.50,67.26,0.92,2.06,178.23,4,15,2014,23,4,37,0,96.28,192.90,163.41,307.23,72.02,22.23,56.49,8F15FAAB-EAFD-4FDE-BDA5-D7CAD5EDD597
$KAAZING,37.4189300,-121.9785079,21.70,71.19,0.92,2.06,178.23,4,15,2014,23,4,38,0,97.63,173.33,179.33,153.43,71.96,22.20,56.80,8F15FAAB-EAFD-4FDE-BDA5-D7CAD5EDD597
$KAAZING,37.4189300,-121.9785079,21.70,71.19,0.92,2.06,178.23,4,15,2014,23,4,38,0,94.89,171.34,177.33,75.96,71.91,22.17,56.99,8F15FAAB-EAFD-4FDE-BDA5-D7CAD5EDD597
$KAAZING,37.4189300,-121.9785079,21.70,71.19,0.92,2.06,178.23,4,15,2014,23,4,38,0,89.63,170.19,175.71,59.04,71.86,22.14,57.01,8F15FAAB-EAFD-4FDE-BDA5-D7CAD5EDD597
$KAAZING,37.4189376,-121.9785003,22.60,74.15,0.92,2.06,178.23,4,15,2014,23,4,39,0,93.83,187.32,174.24,285.52,71.78,22.10,57.12,8F15FAAB-EAFD-4FDE-BDA5-D7CAD5EDD597
$KAAZING,37.4189376,-121.9785003,22.60,74.15,0.92,2.06,178.23,4,15,2014,23,4,39,0,100.33,169.45,190.80,160.71,71.75,22.08,57.07,8F15FAAB-EAFD-4FDE-BDA5-D7CAD5EDD597
$KAAZING,37.4189376,-121.9785003,22.60,74.15,0.92,2.06,178.23,4,15,2014,23,4,39,0,108.84,194.11,156.48,317.12,71.69,22.05,57.26,8F15FAAB-EAFD-4FDE-BDA5-D7CAD5EDD597
$KAAZING,37.4189491,-121.9784851,22.60,74.15,1.74,3.89,32.93,4,15,2014,23,4,40,0,89.55,197.63,187.23,249.62,71.58,21.99,57.43,8F15FAAB-EAFD-4FDE-BDA5-D7CAD5EDD597
$KAAZING,37.4189491,-121.9784851,22.60,74.15,1.74,3.89,32.93,4,15,2014,23,4,40,0,89.15,155.34,192.56,127.57,71.57,21.98,57.47,8F15FAAB-EAFD-4FDE-BDA5-D7CAD5EDD597
$KAAZING,37.4189491,-121.9784851,22.60,74.15,1.74,3.89,32.93,4,15,2014,23,4,40,0,99.71,185.15,177.19,274.09,71.49,21.94,57.54,8F15FAAB-EAFD-4FDE-BDA5-D7CAD5EDD597
$KAAZING,37.4189491,-121.9784851,22.60,74.15,1.74,3.89,32.93,4,15,2014,23,4,40,0,83.34,175.19,186.88,187.59,71.38,21.88,57.81,8F15FAAB-EAFD-4FDE-BDA5-D7CAD5EDD597
$KAAZING,37.4189643,-121.9784698,22.60,74.15,1.93,4.33,25.11,4,15,2014,23,4,41,0,86.07,173.12,166.69,4.40,71.33,21.85,57.99,8F15FAAB-EAFD-4FDE-BDA5-D7CAD5EDD597
$KAAZING,37.4189643,-121.9784698,22.60,74.15,1.93,4.33,25.11,4,15,2014,23,4,41,0,94.37,176.15,170.87,343.30,71.31,21.84,58.15,8F15FAAB-EAFD-4FDE-BDA5-D7CAD5EDD597
$KAAZING,37.4189796,-121.9784622,24.20,79.40,1.93,4.33,25.11,4,15,2014,23,4,42,0,86.40,184.75,170.07,306.25,71.24,21.80,58.40,8F15FAAB-EAFD-4FDE-BDA5-D7CAD5EDD597
$KAAZING,37.4189796,-121.9784622,24.20,79.40,1.93,4.33,25.11,4,15,2014,23,4,42,0,90.50,170.14,172.23,33.69,71.09,21.72,58.69,8F15FAAB-EAFD-4FDE-BDA5-D7CAD5EDD597
$KAAZING,37.4189796,-121.9784622,24.20,79.40,1.93,4.33,25.11,4,15,2014,23,4,42,0,105.27,197.72,158.02,309.61,70.99,21.66,58.88,8F15FAAB-EAFD-4FDE-BDA5-D7CAD5EDD597
$KAAZING,37.4189949,-121.9784545,24.60,80.71,1.93,4.33,25.11,4,15,2014,23,4,43,0,111.34,174.00,180.52,180.00,70.91,21.62,59.05,8F15FAAB-EAFD-4FDE-BDA5-D7CAD5EDD597
$KAAZING,37.4189949,-121.9784545,24.60,80.71,1.93,4.33,25.11,4,15,2014,23,4,43,0,136.32,172.67,185.94,170.54,70.84,21.58,59.26,8F15FAAB-EAFD-4FDE-BDA5-D7CAD5EDD597
$KAAZING,37.4189949,-121.9784545,24.60,80.71,1.93,4.33,25.11,4,15,2014,23,4,43,0,136.93,186.32,168.22,308.29,70.73,21.52,59.51,8F15FAAB-EAFD-4FDE-BDA5-D7CAD5EDD597
$KAAZING,37.4190101,-121.9784545,25.90,84.97,1.93,4.33,25.11,4,15,2014,23,4,44,0,124.52,178.88,166.96,336.37,70.64,21.47,59.71,8F15FAAB-EAFD-4FDE-BDA5-D7CAD5EDD597
$KAAZING,37.4190101,-121.9784545,25.90,84.97,1.93,4.33,25.11,4,15,2014,23,4,44,0,92.23,159.43,189.86,128.93,70.59,21.44,59.83,8F15FAAB-EAFD-4FDE-BDA5-D7CAD5EDD597
$KAAZING,37.4190101,-121.9784545,25.90,84.97,1.93,4.33,25.11,4,15,2014,23,4,44,0,62.49,169.06,187.12,151.70,70.55,21.42,59.58,8F15FAAB-EAFD-4FDE-BDA5-D7CAD5EDD597
$KAAZING,37.4190330,-121.9784545,26.90,88.25,1.93,4.33,25.11,4,15,2014,23,4,45,0,20.66,175.07,185.98,187.59,70.48,21.38,59.61,8F15FAAB-EAFD-4FDE-BDA5-D7CAD5EDD597
$KAAZING,37.4190330,-121.9784545,26.90,88.25,1.93,4.33,25.11,4,15,2014,23,4,45,0,25.06,188.36,180.10,261.87,70.48,21.38,59.94,8F15FAAB-EAFD-4FDE-BDA5-D7CAD5EDD597
$KAAZING,37.4190330,-121.9784545,26.90,88.25,1.93,4.33,25.11,4,15,2014,23,4,45,0,25.77,177.47,175.40,306.87,70.50,21.39,60.17,8F15FAAB-EAFD-4FDE-BDA5-D7CAD5EDD597
$KAAZING,37.4190330,-121.9784545,26.90,88.25,1.93,4.33,25.11,4,15,2014,23,4,45,0,17.40,172.29,156.05,4.24,70.48,21.38,60.51,8F15FAAB-EAFD-4FDE-BDA5-D7CAD5EDD597
$KAAZING,37.4190444,-121.9784698,26.90,88.25,1.70,3.80,308.39,4,15,2014,23,4,46,0,10.24,197.20,169.14,289.98,70.48,21.38,60.49,8F15FAAB-EAFD-4FDE-BDA5-D7CAD5EDD597
$KAAZING,37.4190444,-121.9784698,26.90,88.25,1.70,3.80,308.39,4,15,2014,23,4,46,0,2.46,163.54,151.08,19.98,70.51,21.40,60.58,8F15FAAB-EAFD-4FDE-BDA5-D7CAD5EDD597
$KAAZING,37.4190444,-121.9784698,26.90,88.25,1.70,3.80,308.39,4,15,2014,23,4,46,0,0.89,178.30,184.14,214.99,70.51,21.40,60.88,8F15FAAB-EAFD-4FDE-BDA5-D7CAD5EDD597
$KAAZING,37.4190444,-121.9784698,26.90,88.25,1.70,3.80,308.39,4,15,2014,23,4,46,0,359.43,180.54,182.76,233.97,70.51,21.40,60.99,8F15FAAB-EAFD-4FDE-BDA5-D7CAD5EDD597
$KAAZING,37.4190444,-121.9784698,26.90,88.25,1.70,3.80,308.39,4,15,2014,23,4,46,0,350.66,169.08,179.85,110.56,70.57,21.43,60.65,8F15FAAB-EAFD-4FDE-BDA5-D7CAD5EDD597
$KAAZING,37.4190444,-121.9784698,26.90,88.25,1.70,3.80,308.39,4,15,2014,23,4,46,0,343.99,163.29,171.83,60.26,70.62,21.46,60.73,8F15FAAB-EAFD-4FDE-BDA5-D7CAD5EDD597
$KAAZING,37.4190444,-121.9784698,26.90,88.25,1.70,3.80,308.39,4,15,2014,23,4,46,0,346.51,179.57,170.36,323.97,70.62,21.46,60.80,8F15FAAB-EAFD-4FDE-BDA5-D7CAD5EDD597
$KAAZING,37.4190444,-121.9784698,26.90,88.25,1.70,3.80,308.39,4,15,2014,23,4,46,0,344.76,181.28,176.78,279.46,70.64,21.47,60.89,8F15FAAB-EAFD-4FDE-BDA5-D7CAD5EDD597
$KAAZING,37.4190483,-121.9785156,26.70,87.60,1.70,3.80,308.39,4,15,2014,23,4,49,0,339.91,190.88,178.00,270.00,70.64,21.47,61.00,8F15FAAB-EAFD-4FDE-BDA5-D7CAD5EDD597
$KAAZING,37.4190483,-121.9785156,26.70,87.60,1.70,3.80,308.39,4,15,2014,23,4,49,0,338.42,174.75,169.76,354.81,70.68,21.49,61.00,8F15FAAB-EAFD-4FDE-BDA5-D7CAD5EDD597
$KAAZING,37.4190483,-121.9785156,26.70,87.60,1.70,3.80,308.39,4,15,2014,23,4,49,0,338.37,179.62,154.91,347.01,70.70,21.50,60.71,8F15FAAB-EAFD-4FDE-BDA5-D7CAD5EDD597
$KAAZING,37.4190406,-121.9785232,25.00,82.02,1.70,3.80,308.39,4,15,2014,23,4,50,0,335.58,173.26,172.07,7.13,70.70,21.50,60.57,8F15FAAB-EAFD-4FDE-BDA5-D7CAD5EDD597
$KAAZING,37.4190406,-121.9785232,25.00,82.02,1.70,3.80,308.39,4,15,2014,23,4,50,0,336.14,195.49,179.22,266.91,70.70,21.50,60.77,8F15FAAB-EAFD-4FDE-BDA5-D7CAD5EDD597
$KAAZING,37.4190406,-121.9785232,25.00,82.02,1.70,3.80,308.39,4,15,2014,23,4,50,0,334.39,200.29,175.93,274.18,70.73,21.52,60.87,8F15FAAB-EAFD-4FDE-BDA5-D7CAD5EDD597
$KAAZING,37.4190406,-121.9785232,25.00,82.02,1.70,3.80,308.39,4,15,2014,23,4,50,0,336.00,181.91,170.09,315.00,70.73,21.52,61.07,8F15FAAB-EAFD-4FDE-BDA5-D7CAD5EDD597
$KAAZING,37.4190406,-121.9785232,25.00,82.02,1.70,3.80,308.39,4,15,2014,23,4,50,0,327.64,177.67,175.80,300.96,70.77,21.54,61.09,8F15FAAB-EAFD-4FDE-BDA5-D7CAD5EDD597
$KAAZING,37.4190406,-121.9785232,25.00,82.02,1.70,3.80,308.39,4,15,2014,23,4,50,0,330.65,180.75,175.74,288.43,70.77,21.54,61.18,8F15FAAB-EAFD-4FDE-BDA5-D7CAD5EDD597
$KAAZING,37.4190406,-121.9785232,25.00,82.02,1.70,3.80,308.39,4,15,2014,23,4,50,0,332.15,196.57,174.78,277.70,70.73,21.52,61.30,8F15FAAB-EAFD-4FDE-BDA5-D7CAD5EDD597
$KAAZING,37.4190406,-121.9785232,25.00,82.02,1.70,3.80,308.39,4,15,2014,23,4,50,0,331.49,195.22,182.71,258.02,70.73,21.52,61.30,8F15FAAB-EAFD-4FDE-BDA5-D7CAD5EDD597
$KAAZING,37.4190292,-121.9785537,25.00,82.02,1.67,3.73,245.03,4,15,2014,23,4,52,0,334.17,169.40,179.97,113.20,70.70,21.50,61.21,8F15FAAB-EAFD-4FDE-BDA5-D7CAD5EDD597
$KAAZING,37.4190292,-121.9785537,25.00,82.02,1.67,3.73,245.03,4,15,2014,23,4,52,0,333.78,198.62,166.23,294.44,70.70,21.50,61.14,8F15FAAB-EAFD-4FDE-BDA5-D7CAD5EDD597
$KAAZING,37.4190292,-121.9785537,25.00,82.02,1.67,3.73,245.03,4,15,2014,23,4,52,0,330.75,176.83,176.59,296.57,70.73,21.52,61.16,8F15FAAB-EAFD-4FDE-BDA5-D7CAD5EDD597
$KAAZING,37.4190101,-121.9785766,23.10,75.79,1.67,3.73,245.03,4,15,2014,23,4,54,0,332.56,187.11,176.43,276.71,70.70,21.50,61.27,8F15FAAB-EAFD-4FDE-BDA5-D7CAD5EDD597
$KAAZING,37.4190101,-121.9785766,23.10,75.79,1.67,3.73,245.03,4,15,2014,23,4,54,0,334.76,194.63,163.49,304.51,70.70,21.50,61.57,8F15FAAB-EAFD-4FDE-BDA5-D7CAD5EDD597
$KAAZING,37.4190101,-121.9785766,23.10,75.79,1.67,3.73,245.03,4,15,2014,23,4,54,0,334.93,185.13,159.00,330.26,70.73,21.52,61.66,8F15FAAB-EAFD-4FDE-BDA5-D7CAD5EDD597
$KAAZING,37.4190101,-121.9785766,23.10,75.79,1.67,3.73,245.03,4,15,2014,23,4,54,0,332.61,180.09,163.07,338.20,70.70,21.50,61.75,8F15FAAB-EAFD-4FDE-BDA5-D7CAD5EDD597
$KAAZING,37.4189987,-121.9785995,22.40,73.49,1.67,3.73,245.03,4,15,2014,23,4,55,0,327.26,186.99,176.11,278.13,70.70,21.50,61.84,8F15FAAB-EAFD-4FDE-BDA5-D7CAD5EDD597
$KAAZING,37.4189987,-121.9785995,22.40,73.49,1.67,3.73,245.03,4,15,2014,23,4,55,0,326.59,176.76,180.07,233.13,70.70,21.50,61.86,8F15FAAB-EAFD-4FDE-BDA5-D7CAD5EDD597
$KAAZING,37.4189987,-121.9785995,22.40,73.49,1.67,3.73,245.03,4,15,2014,23,4,55,0,323.59,172.03,172.09,18.43,70.68,21.49,61.88,8F15FAAB-EAFD-4FDE-BDA5-D7CAD5EDD597
$KAAZING,37.4189872,-121.9786224,22.60,74.15,1.67,3.73,245.03,4,15,2014,23,4,56,0,318.82,190.81,186.30,244.23,70.68,21.49,62.06,8F15FAAB-EAFD-4FDE-BDA5-D7CAD5EDD597
$KAAZING,37.4189872,-121.9786224,22.60,74.15,1.67,3.73,245.03,4,15,2014,23,4,56,0,312.96,185.42,191.08,221.01,70.73,21.52,62.11,8F15FAAB-EAFD-4FDE-BDA5-D7CAD5EDD597
$KAAZING,37.4189872,-121.9786224,22.60,74.15,1.67,3.73,245.03,4,15,2014,23,4,56,0,306.61,179.25,187.27,209.36,70.70,21.50,62.23,8F15FAAB-EAFD-4FDE-BDA5-D7CAD5EDD597
$KAAZING,37.4189605,-121.9786300,21.60,70.87,1.67,3.73,245.03,4,15,2014,23,4,57,0,284.97,174.00,175.36,360.00,70.70,21.50,62.29,8F15FAAB-EAFD-4FDE-BDA5-D7CAD5EDD597
$KAAZING,37.4189605,-121.9786300,21.60,70.87,1.67,3.73,245.03,4,15,2014,23,4,57,0,273.83,186.77,177.24,273.37,70.68,21.49,62.65,8F15FAAB-EAFD-4FDE-BDA5-D7CAD5EDD597
$KAAZING,37.4189605,-121.9786300,21.60,70.87,1.67,3.73,245.03,4,15,2014,23,4,57,0,253.97,181.93,187.34,220.24,70.62,21.46,62.49,8F15FAAB-EAFD-4FDE-BDA5-D7CAD5EDD597
$KAAZING,37.4189453,-121.9786453,21.60,70.87,1.80,4.02,197.98,4,15,2014,23,4,58,0,251.05,193.92,170.57,289.80,70.62,21.46,62.63,8F15FAAB-EAFD-4FDE-BDA5-D7CAD5EDD597
$KAAZING,37.4189453,-121.9786453,21.60,70.87,1.80,4.02,197.98,4,15,2014,23,4,58,0,249.95,178.30,194.76,194.04,70.59,21.44,62.70,8F15FAAB-EAFD-4FDE-BDA5-D7CAD5EDD597
$KAAZING,37.4189453,-121.9786453,21.60,70.87,1.80,4.02,197.98,4,15,2014,23,4,58,0,253.53,182.50,194.03,207.47,70.50,21.39,62.79,8F15FAAB-EAFD-4FDE-BDA5-D7CAD5EDD597
$KAAZING,37.4189453,-121.9786453,21.60,70.87,1.80,4.02,197.98,4,15,2014,23,4,58,0,256.06,188.74,175.74,278.53,70.44,21.36,62.76,8F15FAAB-EAFD-4FDE-BDA5-D7CAD5EDD597
$KAAZING,37.4189453,-121.9786453,21.60,70.87,1.80,4.02,197.98,4,15,2014,23,4,58,0,255.74,187.52,182.34,252.47,70.39,21.33,62.71,8F15FAAB-EAFD-4FDE-BDA5-D7CAD5EDD597
$KAAZING,37.4189033,-121.9786453,21.80,71.52,1.80,4.02,197.98,4,15,2014,23,5,0,0,254.41,187.16,189.74,228.37,70.30,21.28,63.04,8F15FAAB-EAFD-4FDE-BDA5-D7CAD5EDD597
$KAAZING,37.4189033,-121.9786453,21.80,71.52,1.80,4.02,197.98,4,15,2014,23,5,0,0,257.16,178.40,188.89,201.80,70.24,21.25,63.21,8F15FAAB-EAFD-4FDE-BDA5-D7CAD5EDD597
$KAAZING,37.4189033,-121.9786453,21.80,71.52,1.80,4.02,197.98,4,15,2014,23,5,0,0,255.45,181.93,183.06,237.53,70.19,21.22,63.62,8F15FAAB-EAFD-4FDE-BDA5-D7CAD5EDD597
$KAAZING,37.4188842,-121.9786300,21.80,71.52,1.80,4.02,197.98,4,15,2014,23,5,1,0,256.82,183.12,181.53,248.96,70.15,21.20,63.92,8F15FAAB-EAFD-4FDE-BDA5-D7CAD5EDD597
$KAAZING,37.4188842,-121.9786300,21.80,71.52,1.80,4.02,197.98,4,15,2014,23,5,1,0,259.96,186.14,185.21,239.53,70.10,21.17,64.12,8F15FAAB-EAFD-4FDE-BDA5-D7CAD5EDD597
$KAAZING,37.4188842,-121.9786300,21.80,71.52,1.80,4.02,197.98,4,15,2014,23,5,1,0,259.11,185.45,179.45,262.88,70.10,21.17,64.26,8F15FAAB-EAFD-4FDE-BDA5-D7CAD5EDD597
$KAAZING,37.4188842,-121.9786300,21.80,71.52,1.80,4.02,197.98,4,15,2014,23,5,1,0,260.12,187.57,187.78,234.46,70.02,21.12,64.34,8F15FAAB-EAFD-4FDE-BDA5-D7CAD5EDD597
$KAAZING,37.4188728,-121.9786071,21.70,71.19,1.80,4.02,197.98,4,15,2014,23,5,2,0,257.32,181.55,183.51,233.97,69.95,21.08,64.55,8F15FAAB-EAFD-4FDE-BDA5-D7CAD5EDD597
$KAAZING,37.4188728,-121.9786071,21.70,71.19,1.80,4.02,197.98,4,15,2014,23,5,2,0,256.10,180.19,185.55,219.29,69.92,21.06,64.69,8F15FAAB-EAFD-4FDE-BDA5-D7CAD5EDD597
$KAAZING,37.4188728,-121.9786071,21.70,71.19,1.80,4.02,197.98,4,15,2014,23,5,2,0,258.45,186.36,183.48,246.37,69.84,21.02,64.86,8F15FAAB-EAFD-4FDE-BDA5-D7CAD5EDD597
$KAAZING,37.4188728,-121.9786071,21.70,71.19,1.80,4.02,197.98,4,15,2014,23,5,2,0,256.64,182.65,193.78,208.30,69.84,21.02,65.10,8F15FAAB-EAFD-4FDE-BDA5-D7CAD5EDD597
$KAAZING,37.4188728,-121.9786071,21.70,71.19,1.80,4.02,197.98,4,15,2014,23,5,2,0,256.04,181.46,186.13,222.51,69.79,20.99,65.23,8F15FAAB-EAFD-4FDE-BDA5-D7CAD5EDD597
$KAAZING,37.4188728,-121.9786071,21.70,71.19,1.80,4.02,197.98,4,15,2014,23,5,2,0,261.13,191.35,178.90,267.14,69.77,20.98,65.47,8F15FAAB-EAFD-4FDE-BDA5-D7CAD5EDD597
$KAAZING,37.4188537,-121.9785766,21.70,71.19,2.20,4.93,124.42,4,15,2014,23,5,4,0,256.65,184.05,185.21,234.46,69.77,20.98,65.67,8F15FAAB-EAFD-4FDE-BDA5-D7CAD5EDD597
$KAAZING,37.4188537,-121.9785766,21.70,71.19,2.20,4.93,124.42,4,15,2014,23,5,4,0,256.00,183.46,182.76,243.43,69.75,20.97,65.91,8F15FAAB-EAFD-4FDE-BDA5-D7CAD5EDD597
$KAAZING,37.4188537,-121.9785766,21.70,71.19,2.20,4.93,124.42,4,15,2014,23,5,4,0,259.55,177.47,193.26,192.53,69.70,20.94,66.25,8F15FAAB-EAFD-4FDE-BDA5-D7CAD5EDD597
$KAAZING,37.4188537,-121.9785766,21.70,71.19,2.20,4.93,124.42,4,15,2014,23,5,4,0,259.57,183.56,191.61,214.82,69.66,20.92,66.40,8F15FAAB-EAFD-4FDE-BDA5-D7CAD5EDD597
$KAAZING,37.4188537,-121.9785766,21.70,71.19,2.20,4.93,124.42,4,15,2014,23,5,4,0,259.53,179.51,192.85,199.98,69.66,20.92,66.60,8F15FAAB-EAFD-4FDE-BDA5-D7CAD5EDD597
$KAAZING,37.4188270,-121.9785232,21.30,69.88,2.20,4.93,124.42,4,15,2014,23,5,6,0,261.27,192.43,164.72,305.31,69.59,20.88,66.89,8F15FAAB-EAFD-4FDE-BDA5-D7CAD5EDD597
$KAAZING,37.4188270,-121.9785232,21.30,69.88,2.20,4.93,124.42,4,15,2014,23,5,6,0,262.71,192.97,174.42,280.30,69.57,20.87,67.12,8F15FAAB-EAFD-4FDE-BDA5-D7CAD5EDD597
$KAAZING,37.4188270,-121.9785232,21.30,69.88,2.20,4.93,124.42,4,15,2014,23,5,6,0,258.49,186.61,184.75,242.10,69.57,20.87,67.28,8F15FAAB-EAFD-4FDE-BDA5-D7CAD5EDD597
$KAAZING,37.4188156,-121.9785003,21.20,69.55,2.20,4.93,124.42,4,15,2014,23,5,7,0,258.42,182.13,189.31,215.54,69.50,20.83,67.31,8F15FAAB-EAFD-4FDE-BDA5-D7CAD5EDD597
$KAAZING,37.4188156,-121.9785003,21.20,69.55,2.20,4.93,124.42,4,15,2014,23,5,7,0,255.16,179.71,197.29,195.95,69.46,20.81,67.73,8F15FAAB-EAFD-4FDE-BDA5-D7CAD5EDD597
$KAAZING,37.4188156,-121.9785003,21.20,69.55,2.20,4.93,124.42,4,15,2014,23,5,7,0,258.68,186.80,170.23,300.96,69.44,20.80,67.62,8F15FAAB-EAFD-4FDE-BDA5-D7CAD5EDD597
$KAAZING,37.4188117,-121.9784851,21.30,69.88,2.20,4.93,124.42,4,15,2014,23,5,8,0,260.59,176.57,191.88,190.30,69.37,20.76,67.63,8F15FAAB-EAFD-4FDE-BDA5-D7CAD5EDD597
$KAAZING,37.4188117,-121.9784851,21.30,69.88,2.20,4.93,124.42,4,15,2014,23,5,8,0,250.13,181.85,189.69,213.69,69.34,20.74,67.97,8F15FAAB-EAFD-4FDE-BDA5-D7CAD5EDD597
$KAAZING,37.4188117,-121.9784851,21.30,69.88,2.20,4.93,124.42,4,15,2014,23,5,8,0,238.69,184.70,189.92,221.82,69.32,20.73,68.28,8F15FAAB-EAFD-4FDE-BDA5-D7CAD5EDD597
$KAAZING,37.4188117,-121.9784698,21.40,70.21,2.20,4.93,124.42,4,15,2014,23,5,9,0,224.25,175.35,185.37,190.30,69.25,20.69,68.51,8F15FAAB-EAFD-4FDE-BDA5-D7CAD5EDD597
$KAAZING,37.4188117,-121.9784698,21.40,70.21,2.20,4.93,124.42,4,15,2014,23,5,9,0,217.64,166.04,194.19,154.29,69.25,20.69,68.81,8F15FAAB-EAFD-4FDE-BDA5-D7CAD5EDD597
$KAAZING,37.4188117,-121.9784698,21.40,70.21,2.20,4.93,124.42,4,15,2014,23,5,9,0,204.70,182.86,190.45,215.22,69.19,20.66,69.03,8F15FAAB-EAFD-4FDE-BDA5-D7CAD5EDD597
$KAAZING,37.4188117,-121.9784698,21.40,70.21,2.20,4.93,124.42,4,15,2014,23,5,9,0,106.12,185.79,181.14,255.26,69.14,20.63,69.28,8F15FAAB-EAFD-4FDE-BDA5-D7CAD5EDD597
$KAAZING,37.4188156,-121.9784545,21.40,70.21,0.73,1.63,87.30,4,15,2014,23,5,10,0,79.12,199.53,165.38,295.11,69.17,20.65,69.50,8F15FAAB-EAFD-4FDE-BDA5-D7CAD5EDD597
$KAAZING,37.4188156,-121.9784545,21.40,70.21,0.73,1.63,87.30,4,15,2014,23,5,10,0,51.78,185.31,184.97,238.57,69.17,20.65,69.84,8F15FAAB-EAFD-4FDE-BDA5-D7CAD5EDD597
$KAAZING,37.4188156,-121.9784545,21.40,70.21,0.73,1.63,87.30,4,15,2014,23,5,10,0,42.12,177.37,180.69,231.34,69.19,20.66,70.20,8F15FAAB-EAFD-4FDE-BDA5-D7CAD5EDD597
$KAAZING,37.4188117,-121.9784545,21.40,70.21,0.49,1.10,189.92,4,15,2014,23,5,11,0,29.32,173.34,185.21,174.81,69.23,20.68,70.52,8F15FAAB-EAFD-4FDE-BDA5-D7CAD5EDD597
$KAAZING,37.4188117,-121.9784545,21.40,70.21,0.49,1.10,189.92,4,15,2014,23,5,11,0,24.44,178.40,173.60,315.00,69.26,20.70,70.66,8F15FAAB-EAFD-4FDE-BDA5-D7CAD5EDD597
$KAAZING,37.4188041,-121.9784622,20.20,66.27,0.49,1.10,189.92,4,15,2014,23,5,12,0,39.18,194.06,161.22,309.56,69.32,20.73,70.96,8F15FAAB-EAFD-4FDE-BDA5-D7CAD5EDD597
$KAAZING,37.4188041,-121.9784622,20.20,66.27,0.49,1.10,189.92,4,15,2014,23,5,12,0,40.98,179.93,167.70,330.26,69.37,20.76,71.11,8F15FAAB-EAFD-4FDE-BDA5-D7CAD5EDD597
$KAAZING,37.4188041,-121.9784622,20.20,66.27,0.49,1.10,189.92,4,15,2014,23,5,12,0,42.79,180.79,186.80,217.57,69.43,20.79,71.19,8F15FAAB-EAFD-4FDE-BDA5-D7CAD5EDD597
$KAAZING,37.4187889,-121.9784622,20.70,67.91,0.49,1.10,189.92,4,15,2014,23,5,13,0,34.53,183.89,183.31,241.93,69.46,20.81,71.02,8F15FAAB-EAFD-4FDE-BDA5-D7CAD5EDD597
$KAAZING,37.4187889,-121.9784622,20.70,67.91,0.49,1.10,189.92,4,15,2014,23,5,13,0,36.74,177.90,182.55,220.60,69.52,20.84,71.08,8F15FAAB-EAFD-4FDE-BDA5-D7CAD5EDD597
$KAAZING,37.4187889,-121.9784622,20.70,67.91,0.49,1.10,189.92,4,15,2014,23,5,13,0,59.57,175.49,176.51,315.00,69.52,20.84,71.19,8F15FAAB-EAFD-4FDE-BDA5-D7CAD5EDD597
$KAAZING,37.4187812,-121.9784622,20.90,68.57,0.49,1.10,189.92,4,15,2014,23,5,14,0,86.16,182.43,180.83,251.57,69.55,20.86,71.29,8F15FAAB-EAFD-4FDE-BDA5-D7CAD5EDD597
$KAAZING,37.4187812,-121.9784622,20.90,68.57,0.49,1.10,189.92,4,15,2014,23,5,14,0,102.61,182.38,188.15,219.47,69.55,20.86,71.25,8F15FAAB-EAFD-4FDE-BDA5-D7CAD5EDD597
$KAAZING,37.4187812,-121.9784622,20.90,68.57,0.49,1.10,189.92,4,15,2014,23,5,14,0,117.20,173.18,186.13,174.29,69.57,20.87,71.22,8F15FAAB-EAFD-4FDE-BDA5-D7CAD5EDD597
$KAAZING,37.4187812,-121.9784622,20.90,68.57,0.49,1.10,189.92,4,15,2014,23,5,14,0,120.70,191.43,168.11,299.05,69.55,20.86,71.19,8F15FAAB-EAFD-4FDE-BDA5-D7CAD5EDD597
$KAAZING,37.4187812,-121.9784622,20.90,68.57,0.49,1.10,189.92,4,15,2014,23,5,14,0,116.33,185.31,181.81,251.57,69.55,20.86,71.08,8F15FAAB-EAFD-4FDE-BDA5-D7CAD5EDD597
$KAAZING,37.4187812,-121.9784622,20.90,68.57,0.49,1.10,189.92,4,15,2014,23,5,14,0,112.75,185.63,183.88,243.43,69.55,20.86,71.19,8F15FAAB-EAFD-4FDE-BDA5-D7CAD5EDD597
$KAAZING,37.4187812,-121.9784622,20.90,68.57,0.49,1.10,189.92,4,15,2014,23,5,14,0,118.08,194.65,155.91,317.12,69.52,20.84,70.89,8F15FAAB-EAFD-4FDE-BDA5-D7CAD5EDD597
$KAAZING,37.4187889,-121.9784622,20.90,68.57,1.35,3.02,46.13,4,15,2014,23,5,16,0,124.72,187.42,173.45,288.43,69.50,20.83,70.70,8F15FAAB-EAFD-4FDE-BDA5-D7CAD5EDD597
$KAAZING,37.4187889,-121.9784622,20.90,68.57,1.35,3.02,46.13,4,15,2014,23,5,16,0,120.50,188.89,166.55,307.30,69.46,20.81,70.61,8F15FAAB-EAFD-4FDE-BDA5-D7CAD5EDD597
$KAAZING,37.4188003,-121.9784469,22.30,73.16,1.35,3.02,46.13,4,15,2014,23,5,17,0,133.26,171.59,181.01,141.34,69.34,20.74,70.28,8F15FAAB-EAFD-4FDE-BDA5-D7CAD5EDD597
$KAAZING,37.4188003,-121.9784469,22.30,73.16,1.35,3.02,46.13,4,15,2014,23,5,17,0,127.00,191.82,180.73,261.57,69.19,20.66,69.67,8F15FAAB-EAFD-4FDE-BDA5-D7CAD5EDD597
$KAAZING,37.4188003,-121.9784469,22.30,73.16,1.35,3.02,46.13,4,15,2014,23,5,17,0,134.34,164.43,193.09,147.99,69.10,20.61,69.79,8F15FAAB-EAFD-4FDE-BDA5-D7CAD5EDD597
$KAAZING,37.4188003,-121.9784469,22.30,73.16,1.35,3.02,46.13,4,15,2014,23,5,17,0,127.61,183.09,182.00,246.37,69.03,20.57,69.96,8F15FAAB-EAFD-4FDE-BDA5-D7CAD5EDD597
$KAAZING,37.4188003,-121.9784469,22.30,73.16,1.35,3.02,46.13,4,15,2014,23,5,17,0,135.16,160.11,190.14,131.01,68.99,20.55,70.08,8F15FAAB-EAFD-4FDE-BDA5-D7CAD5EDD597
$KAAZING,37.4188003,-121.9784469,22.30,73.16,1.35,3.02,46.13,4,15,2014,23,5,17,0,129.08,184.18,174.33,289.65,68.90,20.50,70.13,8F15FAAB-EAFD-4FDE-BDA5-D7CAD5EDD597
$KAAZING,37.4188385,-121.9784088,23.60,77.43,1.35,3.02,46.13,4,15,2014,23,5,19,0,124.43,193.93,178.00,270.00,68.85,20.47,70.33,8F15FAAB-EAFD-4FDE-BDA5-D7CAD5EDD597
$KAAZING,37.4188385,-121.9784088,23.60,77.43,1.35,3.02,46.13,4,15,2014,23,5,19,0,127.44,177.73,187.87,200.56,68.83,20.46,70.38,8F15FAAB-EAFD-4FDE-BDA5-D7CAD5EDD597
$KAAZING,37.4188385,-121.9784088,23.60,77.43,1.35,3.02,46.13,4,15,2014,23,5,19,0,131.67,197.32,156.37,312.61,68.74,20.41,70.50,8F15FAAB-EAFD-4FDE-BDA5-D7CAD5EDD597
$KAAZING,37.4188652,-121.9783859,24.10,79.07,1.35,3.02,46.13,4,15,2014,23,5,20,0,156.67,168.09,185.21,140.71,68.72,20.40,70.78,8F15FAAB-EAFD-4FDE-BDA5-D7CAD5EDD597
$KAAZING,37.4188652,-121.9783859,24.10,79.07,1.35,3.02,46.13,4,15,2014,23,5,20,0,147.77,182.31,177.36,274.40,68.72,20.40,70.93,8F15FAAB-EAFD-4FDE-BDA5-D7CAD5EDD597
$KAAZING,37.4188652,-121.9783859,24.10,79.07,1.35,3.02,46.13,4,15,2014,23,5,20,0,112.20,178.36,182.36,225.00,68.72,20.40,71.21,8F15FAAB-EAFD-4FDE-BDA5-D7CAD5EDD597
$KAAZING,37.4188652,-121.9783859,24.10,79.07,1.35,3.02,46.13,4,15,2014,23,5,20,0,45.79,167.76,163.96,23.63,68.74,20.41,71.55,8F15FAAB-EAFD-4FDE-BDA5-D7CAD5EDD597
$KAAZING,37.4188919,-121.9783706,24.10,79.07,3.67,8.21,31.35,4,15,2014,23,5,21,0,45.00,179.29,148.95,350.54,68.77,20.43,71.67,8F15FAAB-EAFD-4FDE-BDA5-D7CAD5EDD597
$KAAZING,37.4188919,-121.9783706,24.10,79.07,3.67,8.21,31.35,4,15,2014,23,5,21,0,62.65,180.95,178.70,264.29,68.83,20.46,71.69,8F15FAAB-EAFD-4FDE-BDA5-D7CAD5EDD597
$KAAZING,37.4189186,-121.9783554,25.20,82.68,3.67,8.21,31.35,4,15,2014,23,5,22,0,32.26,176.10,174.51,329.04,68.85,20.47,71.94,8F15FAAB-EAFD-4FDE-BDA5-D7CAD5EDD597
$KAAZING,37.4189186,-121.9783554,25.20,82.68,3.67,8.21,31.35,4,15,2014,23,5,22,0,15.77,180.65,190.59,207.55,68.90,20.50,71.98,8F15FAAB-EAFD-4FDE-BDA5-D7CAD5EDD597
$KAAZING,37.4189186,-121.9783554,25.20,82.68,3.67,8.21,31.35,4,15,2014,23,5,22,0,8.56,165.77,183.51,123.69,68.94,20.52,71.66,8F15FAAB-EAFD-4FDE-BDA5-D7CAD5EDD597
$KAAZING,37.4189186,-121.9783554,25.20,82.68,3.67,8.21,31.35,4,15,2014,23,5,22,0,351.22,177.01,171.99,333.43,68.97,20.54,71.77,8F15FAAB-EAFD-4FDE-BDA5-D7CAD5EDD597
$KAAZING,37.4189186,-121.9783554,25.20,82.68,3.67,8.21,31.35,4,15,2014,23,5,22,0,341.55,183.25,177.33,274.09,68.99,20.55,71.91,8F15FAAB-EAFD-4FDE-BDA5-D7CAD5EDD597
$KAAZING,37.4189186,-121.9783554,25.20,82.68,3.67,8.21,31.35,4,15,2014,23,5,22,0,331.65,185.00,176.41,278.13,69.03,20.57,71.89,8F15FAAB-EAFD-4FDE-BDA5-D7CAD5EDD597
$KAAZING,37.4189567,-121.9783554,24.50,80.38,3.67,8.21,31.35,4,15,2014,23,5,24,0,327.49,179.47,185.28,216.87,69.03,20.57,71.94,8F15FAAB-EAFD-4FDE-BDA5-D7CAD5EDD597
$KAAZING,37.4189567,-121.9783554,24.50,80.38,3.67,8.21,31.35,4,15,2014,23,5,24,0,327.93,179.31,179.33,255.96,69.05,20.58,71.96,8F15FAAB-EAFD-4FDE-BDA5-D7CAD5EDD597
$KAAZING,37.4189567,-121.9783554,24.50,80.38,3.67,8.21,31.35,4,15,2014,23,5,24,0,332.50,185.45,180.17,259.38,69.06,20.59,71.98,8F15FAAB-EAFD-4FDE-BDA5-D7CAD5EDD597
$KAAZING,37.4189567,-121.9783630,24.20,79.40,3.67,8.21,31.35,4,15,2014,23,5,25,0,331.07,193.09,178.73,267.88,69.10,20.61,72.08,8F15FAAB-EAFD-4FDE-BDA5-D7CAD5EDD597
$KAAZING,37.4189567,-121.9783630,24.20,79.40,3.67,8.21,31.35,4,15,2014,23,5,25,0,334.66,164.07,172.29,60.26,69.12,20.62,72.10,8F15FAAB-EAFD-4FDE-BDA5-D7CAD5EDD597
$KAAZING,37.4189567,-121.9783630,24.20,79.40,3.67,8.21,31.35,4,15,2014,23,5,25,0,339.19,180.56,179.97,253.30,69.14,20.63,72.11,8F15FAAB-EAFD-4FDE-BDA5-D7CAD5EDD597
$KAAZING,37.4189491,-121.9783782,24.20,79.40,1.61,3.60,245.12,4,15,2014,23,5,26,0,338.45,172.75,183.59,167.47,69.14,20.63,72.14,8F15FAAB-EAFD-4FDE-BDA5-D7CAD5EDD597
$KAAZING,37.4189491,-121.9783782,24.20,79.40,1.61,3.60,245.12,4,15,2014,23,5,26,0,336.45,189.78,182.97,252.90,69.17,20.65,72.14,8F15FAAB-EAFD-4FDE-BDA5-D7CAD5EDD597
$KAAZING,37.4189491,-121.9783782,24.20,79.40,1.61,3.60,245.12,4,15,2014,23,5,26,0,332.87,197.47,180.26,264.81,69.19,20.66,72.06,8F15FAAB-EAFD-4FDE-BDA5-D7CAD5EDD597
$KAAZING,37.4189491,-121.9783782,24.20,79.40,1.61,3.60,245.12,4,15,2014,23,5,26,0,336.49,192.43,174.71,279.78,69.19,20.66,72.06,8F15FAAB-EAFD-4FDE-BDA5-D7CAD5EDD597
$KAAZING,37.4189491,-121.9783782,24.20,79.40,1.61,3.60,245.12,4,15,2014,23,5,26,0,335.67,165.77,176.62,80.54,69.23,20.68,71.86,8F15FAAB-EAFD-4FDE-BDA5-D7CAD5EDD597
$KAAZING,37.4189376,-121.9783859,24.20,79.40,1.56,3.49,241.26,4,15,2014,23,5,27,0,337.84,189.42,182.60,253.74,69.23,20.68,71.93,8F15FAAB-EAFD-4FDE-BDA5-D7CAD5EDD597
$KAAZING,37.4189376,-121.9783859,24.20,79.40,1.56,3.49,241.26,4,15,2014,23,5,27,0,337.92,182.43,164.80,327.72,69.25,20.69,72.16,8F15FAAB-EAFD-4FDE-BDA5-D7CAD5EDD597
$KAAZING,37.4189376,-121.9783859,24.20,79.40,1.56,3.49,241.26,4,15,2014,23,5,27,0,334.86,198.44,170.60,285.95,69.25,20.69,72.31,8F15FAAB-EAFD-4FDE-BDA5-D7CAD5EDD597
$KAAZING,37.4189186,-121.9784240,24.40,80.05,1.56,3.49,241.26,4,15,2014,23,5,29,0,336.72,185.58,172.49,295.20,69.25,20.69,72.46,8F15FAAB-EAFD-4FDE-BDA5-D7CAD5EDD597
$KAAZING,37.4189186,-121.9784240,24.40,80.05,1.56,3.49,241.26,4,15,2014,23,5,29,0,333.61,188.68,176.64,275.19,69.25,20.69,72.46,8F15FAAB-EAFD-4FDE-BDA5-D7CAD5EDD597
$KAAZING,37.4189186,-121.9784240,24.40,80.05,1.56,3.49,241.26,4,15,2014,23,5,29,0,335.24,184.30,173.54,293.20,69.26,20.70,72.41,8F15FAAB-EAFD-4FDE-BDA5-D7CAD5EDD597
$KAAZING,37.4189186,-121.9784240,24.40,80.05,1.56,3.49,241.26,4,15,2014,23,5,29,0,336.45,196.73,171.83,284.47,69.26,20.70,72.53,8F15FAAB-EAFD-4FDE-BDA5-D7CAD5EDD597
$KAAZING,37.4189109,-121.9784393,24.40,80.05,1.56,3.49,241.26,4,15,2014,23,5,30,0,333.25,195.04,178.00,270.00,69.25,20.69,72.58,8F15FAAB-EAFD-4FDE-BDA5-D7CAD5EDD597
$KAAZING,37.4189109,-121.9784393,24.40,80.05,1.56,3.49,241.26,4,15,2014,23,5,30,0,337.25,195.25,167.00,296.57,69.26,20.70,72.68,8F15FAAB-EAFD-4FDE-BDA5-D7CAD5EDD597
$KAAZING,37.4189109,-121.9784393,24.40,80.05,1.56,3.49,241.26,4,15,2014,23,5,30,0,335.10,186.09,167.48,310.91,69.26,20.70,72.70,8F15FAAB-EAFD-4FDE-BDA5-D7CAD5EDD597
$KAAZING,37.4188995,-121.9784545,24.50,80.38,1.56,3.49,241.26,4,15,2014,23,5,31,0,331.75,168.52,170.97,37.87,69.26,20.70,72.57,8F15FAAB-EAFD-4FDE-BDA5-D7CAD5EDD597
$KAAZING,37.4188995,-121.9784545,24.50,80.38,1.56,3.49,241.26,4,15,2014,23,5,31,0,334.60,186.29,185.33,239.42,69.32,20.73,72.49,8F15FAAB-EAFD-4FDE-BDA5-D7CAD5EDD597
$KAAZING,37.4188995,-121.9784545,24.50,80.38,1.56,3.49,241.26,4,15,2014,23,5,31,0,332.39,174.57,182.53,187.13,69.32,20.73,71.96,8F15FAAB-EAFD-4FDE-BDA5-D7CAD5EDD597
$KAAZING,37.4188842,-121.9784774,24.20,79.40,1.56,3.49,241.26,4,15,2014,23,5,32,0,334.76,182.25,168.13,320.19,69.30,20.72,70.69,8F15FAAB-EAFD-4FDE-BDA5-D7CAD5EDD597
$KAAZING,37.4188842,-121.9784774,24.20,79.40,1.56,3.49,241.26,4,15,2014,23,5,32,0,331.56,186.22,179.18,264.56,69.32,20.73,70.49,8F15FAAB-EAFD-4FDE-BDA5-D7CAD5EDD597
$KAAZING,37.4188842,-121.9784774,24.20,79.40,1.56,3.49,241.26,4,15,2014,23,5,32,0,330.37,195.68,172.49,283.63,69.32,20.73,70.66,8F15FAAB-EAFD-4FDE-BDA5-D7CAD5EDD597
$KAAZING,37.4188690,-121.9785003,24.20,79.40,2.65,5.94,225.66,4,15,2014,23,5,33,0,336.11,194.71,164.95,301.50,69.32,20.73,70.64,8F15FAAB-EAFD-4FDE-BDA5-D7CAD5EDD597
$KAAZING,37.4188690,-121.9785003,24.20,79.40,2.65,5.94,225.66,4,15,2014,23,5,33,0,332.03,191.86,178.64,268.03,69.34,20.74,70.56,8F15FAAB-EAFD-4FDE-BDA5-D7CAD5EDD597
$KAAZING,37.4188690,-121.9785003,24.20,79.40,2.65,5.94,225.66,4,15,2014,23,5,33,0,348.21,176.05,178.68,251.57,69.32,20.73,70.71,8F15FAAB-EAFD-4FDE-BDA5-D7CAD5EDD597
$KAAZING,37.4188690,-121.9785003,24.20,79.40,2.65,5.94,225.66,4,15,2014,23,5,33,0,0.33,182.75,173.60,296.57,69.34,20.74,70.99,8F15FAAB-EAFD-4FDE-BDA5-D7CAD5EDD597
$KAAZING,37.4188690,-121.9785003,24.20,79.40,2.65,5.94,225.66,4,15,2014,23,5,33,0,358.46,182.84,177.36,274.09,69.37,20.76,71.26,8F15FAAB-EAFD-4FDE-BDA5-D7CAD5EDD597
$KAAZING,37.4188308,-121.9785308,24.00,78.74,2.65,5.94,225.66,4,15,2014,23,5,35,0,357.43,181.40,174.28,296.57,69.37,20.76,71.56,8F15FAAB-EAFD-4FDE-BDA5-D7CAD5EDD597
$KAAZING,37.4188308,-121.9785308,24.00,78.74,2.65,5.94,225.66,4,15,2014,23,5,35,0,359.86,188.62,168.94,301.43,69.39,20.77,71.71,8F15FAAB-EAFD-4FDE-BDA5-D7CAD5EDD597
$KAAZING,37.4188308,-121.9785308,24.00,78.74,2.65,5.94,225.66,4,15,2014,23,5,35,0,357.33,169.66,173.66,45.00,69.39,20.77,71.92,8F15FAAB-EAFD-4FDE-BDA5-D7CAD5EDD597
$KAAZING,37.4188156,-121.9785385,23.90,78.41,2.65,5.94,225.66,4,15,2014,23,5,36,0,5.82,187.34,180.95,257.74,69.39,20.77,72.15,8F15FAAB-EAFD-4FDE-BDA5-D7CAD5EDD597
$KAAZING,37.4188156,-121.9785385,23.90,78.41,2.65,5.94,225.66,4,15,2014,23,5,36,0,4.42,179.19,169.87,327.53,69.43,20.79,72.56,8F15FAAB-EAFD-4FDE-BDA5-D7CAD5EDD597
$KAAZING,37.4188156,-121.9785385,23.90,78.41,2.65,5.94,225.66,4,15,2014,23,5,36,0,10.31,175.97,181.29,210.96,69.44,20.80,72.69,8F15FAAB-EAFD-4FDE-BDA5-D7CAD5EDD597
$KAAZING,37.4188156,-121.9785385,23.90,78.41,2.65,5.94,225.66,4,15,2014,23,5,36,0,15.24,181.94,181.99,243.43,69.46,20.81,72.75,8F15FAAB-EAFD-4FDE-BDA5-D7CAD5EDD597
$KAAZING,37.4188079,-121.9785537,23.40,76.77,2.65,5.94,225.66,4,15,2014,23,5,37,0,18.08,188.04,166.69,308.66,69.46,20.81,72.73,8F15FAAB-EAFD-4FDE-BDA5-D7CAD5EDD597
$KAAZING,37.4188079,-121.9785537,23.40,76.77,2.65,5.94,225.66,4,15,2014,23,5,37,0,22.12,185.31,178.67,266.63,69.46,20.81,72.62,8F15FAAB-EAFD-4FDE-BDA5-D7CAD5EDD597
$KAAZING,37.4188041,-121.9785690,23.80,78.08,2.65,5.94,225.66,4,15,2014,23,5,38,0,33.35,179.55,174.82,299.74,69.46,20.81,71.91,8F15FAAB-EAFD-4FDE-BDA5-D7CAD5EDD597
$KAAZING,37.4188041,-121.9785690,23.80,78.08,2.65,5.94,225.66,4,15,2014,23,5,38,0,42.93,196.80,173.03,281.69,69.50,20.83,72.14,8F15FAAB-EAFD-4FDE-BDA5-D7CAD5EDD597
$KAAZING,37.4188041,-121.9785690,23.80,78.08,2.65,5.94,225.66,4,15,2014,23,5,38,0,55.53,159.81,189.69,129.29,69.50,20.83,72.31,8F15FAAB-EAFD-4FDE-BDA5-D7CAD5EDD597
$KAAZING,37.4188041,-121.9785690,23.80,78.08,2.65,5.94,225.66,4,15,2014,23,5,38,0,67.63,181.20,178.60,265.24,69.44,20.80,72.31,8F15FAAB-EAFD-4FDE-BDA5-D7CAD5EDD597
$KAAZING,37.4188041,-121.9785919,23.80,78.08,1.83,4.10,275.77,4,15,2014,23,5,39,0,72.68,172.17,173.14,20.56,69.43,20.79,72.39,8F15FAAB-EAFD-4FDE-BDA5-D7CAD5EDD597
$KAAZING,37.4188041,-121.9785919,23.80,78.08,1.83,4.10,275.77,4,15,2014,23,5,39,0,78.39,177.37,181.37,225.00,69.43,20.79,72.48,8F15FAAB-EAFD-4FDE-BDA5-D7CAD5EDD597
$KAAZING,37.4188041,-121.9785919,23.80,78.08,1.83,4.10,275.77,4,15,2014,23,5,39,0,89.23,166.79,161.10,22.62,69.34,20.74,72.53,8F15FAAB-EAFD-4FDE-BDA5-D7CAD5EDD597
$KAAZING,37.4188041,-121.9785919,23.80,78.08,1.83,4.10,275.77,4,15,2014,23,5,39,0,94.43,174.90,158.23,357.51,69.34,20.74,72.47,8F15FAAB-EAFD-4FDE-BDA5-D7CAD5EDD597
$KAAZING,37.4188041,-121.9785919,23.80,78.08,1.83,4.10,275.77,4,15,2014,23,5,39,0,84.20,200.85,178.73,268.57,69.32,20.73,72.57,8F15FAAB-EAFD-4FDE-BDA5-D7CAD5EDD597
$KAAZING,37.4188270,-121.9786300,24.20,79.40,1.83,4.10,275.77,4,15,2014,23,5,41,0,98.86,178.57,176.47,288.43,69.30,20.72,72.74,8F15FAAB-EAFD-4FDE-BDA5-D7CAD5EDD597
$KAAZING,37.4188270,-121.9786300,24.20,79.40,1.83,4.10,275.77,4,15,2014,23,5,41,0,94.65,189.12,176.45,275.71,69.30,20.72,72.93,8F15FAAB-EAFD-4FDE-BDA5-D7CAD5EDD597
$KAAZING,37.4188270,-121.9786300,24.20,79.40,1.83,4.10,275.77,4,15,2014,23,5,41,0,99.29,194.05,184.17,253.50,69.30,20.72,73.39,8F15FAAB-EAFD-4FDE-BDA5-D7CAD5EDD597
$KAAZING,37.4188537,-121.9786300,24.40,80.05,1.83,4.10,275.77,4,15,2014,23,5,42,0,98.65,172.05,190.80,171.47,69.32,20.73,73.76,8F15FAAB-EAFD-4FDE-BDA5-D7CAD5EDD597
$KAAZING,37.4188537,-121.9786300,24.40,80.05,1.83,4.10,275.77,4,15,2014,23,5,42,0,120.68,172.77,197.54,176.53,69.30,20.72,73.07,8F15FAAB-EAFD-4FDE-BDA5-D7CAD5EDD597
$KAAZING,37.4188537,-121.9786300,24.40,80.05,1.83,4.10,275.77,4,15,2014,23,5,42,0,144.44,189.52,183.55,250.71,69.30,20.72,73.18,8F15FAAB-EAFD-4FDE-BDA5-D7CAD5EDD597
$KAAZING,37.4188766,-121.9786376,24.70,81.04,1.83,4.10,275.77,4,15,2014,23,5,43,0,165.89,182.53,187.23,222.71,69.26,20.70,73.60,8F15FAAB-EAFD-4FDE-BDA5-D7CAD5EDD597
$KAAZING,37.4188766,-121.9786376,24.70,81.04,1.83,4.10,275.77,4,15,2014,23,5,43,0,191.39,184.37,185.64,233.75,69.30,20.72,73.74,8F15FAAB-EAFD-4FDE-BDA5-D7CAD5EDD597
$KAAZING,37.4188766,-121.9786376,24.70,81.04,1.83,4.10,275.77,4,15,2014,23,5,43,0,197.69,183.87,171.39,303.69,69.30,20.72,73.74,8F15FAAB-EAFD-4FDE-BDA5-D7CAD5EDD597
$KAAZING,37.4189071,-121.9786376,25.10,82.35,1.83,4.10,275.77,4,15,2014,23,5,44,0,214.95,165.70,190.34,146.31,69.26,20.70,73.54,8F15FAAB-EAFD-4FDE-BDA5-D7CAD5EDD597
$KAAZING,37.4189071,-121.9786376,25.10,82.35,1.83,4.10,275.77,4,15,2014,23,5,44,0,216.58,189.95,188.78,236.31,69.26,20.70,73.58,8F15FAAB-EAFD-4FDE-BDA5-D7CAD5EDD597
$KAAZING,37.4189071,-121.9786376,25.10,82.35,1.83,4.10,275.77,4,15,2014,23,5,44,0,237.49,185.31,172.67,295.02,69.26,20.70,73.39,8F15FAAB-EAFD-4FDE-BDA5-D7CAD5EDD597
$KAAZING,37.4189071,-121.9786376,25.10,82.35,1.83,4.10,275.77,4,15,2014,23,5,44,0,245.70,183.76,194.76,209.74,69.23,20.68,73.33,8F15FAAB-EAFD-4FDE-BDA5-D7CAD5EDD597
$KAAZING,37.4189338,-121.9786300,25.10,82.35,3.00,6.71,15.32,4,15,2014,23,5,45,0,254.46,189.31,186.80,240.52,69.23,20.68,73.80,8F15FAAB-EAFD-4FDE-BDA5-D7CAD5EDD597
$KAAZING,37.4189338,-121.9786300,25.10,82.35,3.00,6.71,15.32,4,15,2014,23,5,45,0,261.04,182.60,190.46,214.38,69.23,20.68,73.99,8F15FAAB-EAFD-4FDE-BDA5-D7CAD5EDD597
$KAAZING,37.4189338,-121.9786300,25.10,82.35,3.00,6.71,15.32,4,15,2014,23,5,45,0,269.90,180.75,183.26,232.13,69.23,20.68,74.09,8F15FAAB-EAFD-4FDE-BDA5-D7CAD5EDD597
$KAAZING,37.4189338,-121.9786300,25.10,82.35,3.00,6.71,15.32,4,15,2014,23,5,45,0,274.62,181.43,182.14,240.95,69.25,20.69,74.23,8F15FAAB-EAFD-4FDE-BDA5-D7CAD5EDD597
$KAAZING,37.4189338,-121.9786300,25.10,82.35,3.00,6.71,15.32,4,15,2014,23,5,45,0,273.19,180.04,182.04,236.31,69.25,20.69,74.05,8F15FAAB-EAFD-4FDE-BDA5-D7CAD5EDD597
$KAAZING,37.4189720,-121.9785919,25.50,83.66,3.00,6.71,15.32,4,15,2014,23,5,47,0,265.92,193.18,194.93,228.81,69.26,20.70,74.11,8F15FAAB-EAFD-4FDE-BDA5-D7CAD5EDD597
$KAAZING,37.4189720,-121.9785919,25.50,83.66,3.00,6.71,15.32,4,15,2014,23,5,47,0,271.84,182.79,194.10,208.18,69.30,20.72,74.16,8F15FAAB-EAFD-4FDE-BDA5-D7CAD5EDD597
$KAAZING,37.4189720,-121.9785919,25.50,83.66,3.00,6.71,15.32,4,15,2014,23,5,47,0,271.30,188.04,183.71,248.20,69.32,20.73,74.14,8F15FAAB-EAFD-4FDE-BDA5-D7CAD5EDD597
$KAAZING,37.4189796,-121.9785614,25.20,82.68,3.00,6.71,15.32,4,15,2014,23,5,48,0,269.51,182.04,193.14,207.55,69.34,20.74,74.35,8F15FAAB-EAFD-4FDE-BDA5-D7CAD5EDD597
$KAAZING,37.4189796,-121.9785614,25.20,82.68,3.00,6.71,15.32,4,15,2014,23,5,48,0,272.41,191.93,169.63,294.44,69.39,20.77,74.41,8F15FAAB-EAFD-4FDE-BDA5-D7CAD5EDD597
$KAAZING,37.4189796,-121.9785614,25.20,82.68,3.00,6.71,15.32,4,15,2014,23,5,48,0,265.98,175.85,196.43,185.53,69.37,20.76,74.27,8F15FAAB-EAFD-4FDE-BDA5-D7CAD5EDD597
$KAAZING,37.4189758,-121.9785385,24.90,81.69,3.00,6.71,15.32,4,15,2014,23,5,49,0,268.55,184.70,187.46,228.58,69.43,20.79,74.26,8F15FAAB-EAFD-4FDE-BDA5-D7CAD5EDD597
$KAAZING,37.4189758,-121.9785385,24.90,81.69,3.00,6.71,15.32,4,15,2014,23,5,49,0,266.45,177.09,182.64,213.69,69.46,20.81,74.17,8F15FAAB-EAFD-4FDE-BDA5-D7CAD5EDD597
$KAAZING,37.4189758,-121.9785385,24.90,81.69,3.00,6.71,15.32,4,15,2014,23,5,49,0,264.54,174.00,175.95,360.00,69.46,20.81,73.88,8F15FAAB-EAFD-4FDE-BDA5-D7CAD5EDD597
$KAAZING,37.4189643,-121.9785232,24.40,80.05,3.00,6.71,15.32,4,15,2014,23,5,50,0,267.31,186.09,184.12,243.43,69.52,20.84,73.83,8F15FAAB-EAFD-4FDE-BDA5-D7CAD5EDD597
$KAAZING,37.4189643,-121.9785232,24.40,80.05,3.00,6.71,15.32,4,15,2014,23,5,50,0,270.38,192.65,173.00,284.53,69.55,20.86,73.63,8F15FAAB-EAFD-4FDE-BDA5-D7CAD5EDD597
$KAAZING,37.4189643,-121.9785232,24.40,80.05,3.00,6.71,15.32,4,15,2014,23,5,50,0,268.37,189.73,178.81,267.14,69.57,20.87,73.36,8F15FAAB-EAFD-4FDE-BDA5-D7CAD5EDD597
$KAAZING,37.4189643,-121.9785232,24.40,80.05,3.00,6.71,15.32,4,15,2014,23,5,50,0,268.88,184.01,180.53,255.96,69.59,20.88,73.52,8F15FAAB-EAFD-4FDE-BDA5-D7CAD5EDD597
$KAAZING,37.4189491,-121.9785079,24.40,80.05,1.87,4.19,145.67,4,15,2014,23,5,51,0,268.80,179.19,198.56,193.63,69.63,20.90,73.32,8F15FAAB-EAFD-4FDE-BDA5-D7CAD5EDD597
$KAAZING,37.4189491,-121.9785079,24.40,80.05,1.87,4.19,145.67,4,15,2014,23,5,51,0,269.39,188.65,184.48,246.50,69.63,20.90,73.29,8F15FAAB-EAFD-4FDE-BDA5-D7CAD5EDD597
$KAAZING,37.4189491,-121.9785079,24.40,80.05,1.87,4.19,145.67,4,15,2014,23,5,51,0,270.73,184.62,186.53,231.34,69.57,20.87,73.20,8F15FAAB-EAFD-4FDE-BDA5-D7CAD5EDD597
$KAAZING,37.4189491,-121.9785079,24.40,80.05,1.87,4.19,145.67,4,15,2014,23,5,51,0,271.20,191.97,183.40,253.74,69.57,20.87,73.10,8F15FAAB-EAFD-4FDE-BDA5-D7CAD5EDD597
$KAAZING,37.4189491,-121.9785079,24.40,80.05,1.87,4.19,145.67,4,15,2014,23,5,51,0,270.34,177.49,194.31,191.77,69.57,20.87,73.16,8F15FAAB-EAFD-4FDE-BDA5-D7CAD5EDD597
$KAAZING,37.4189491,-121.9785079,24.40,80.05,1.87,4.19,145.67,4,15,2014,23,5,51,0,270.12,183.46,173.60,294.78,69.57,20.87,73.32,8F15FAAB-EAFD-4FDE-BDA5-D7CAD5EDD597
$KAAZING,37.4189491,-121.9785079,24.40,80.05,1.87,4.19,145.67,4,15,2014,23,5,51,0,270.06,184.78,186.80,230.91,69.59,20.88,73.39,8F15FAAB-EAFD-4FDE-BDA5-D7CAD5EDD597
$KAAZING,37.4189491,-121.9785079,24.40,80.05,1.87,4.19,145.67,4,15,2014,23,5,51,0,277.02,198.51,171.29,284.47,69.59,20.88,73.71,8F15FAAB-EAFD-4FDE-BDA5-D7CAD5EDD597
$KAAZING,37.4189453,-121.9784927,22.50,73.82,1.87,4.19,145.67,4,15,2014,23,5,54,0,271.01,182.97,190.61,215.22,69.63,20.90,73.91,8F15FAAB-EAFD-4FDE-BDA5-D7CAD5EDD597
$KAAZING,37.4189453,-121.9784927,22.50,73.82,1.87,4.19,145.67,4,15,2014,23,5,54,0,276.55,195.96,172.47,283.50,69.63,20.90,73.96,8F15FAAB-EAFD-4FDE-BDA5-D7CAD5EDD597
$KAAZING,37.4189453,-121.9784927,22.50,73.82,1.87,4.19,145.67,4,15,2014,23,5,54,0,270.57,187.88,185.37,242.35,69.64,20.91,73.89,8F15FAAB-EAFD-4FDE-BDA5-D7CAD5EDD597
$KAAZING,37.4189453,-121.9784927,21.60,70.87,1.87,4.19,145.67,4,15,2014,23,5,55,0,273.68,189.84,178.00,270.00,69.70,20.94,73.35,8F15FAAB-EAFD-4FDE-BDA5-D7CAD5EDD597
$KAAZING,37.4189453,-121.9784927,21.60,70.87,1.87,4.19,145.67,4,15,2014,23,5,55,0,271.61,188.71,175.14,280.78,69.70,20.94,73.18,8F15FAAB-EAFD-4FDE-BDA5-D7CAD5EDD597
$KAAZING,37.4189453,-121.9784927,21.60,70.87,1.87,4.19,145.67,4,15,2014,23,5,55,0,272.51,195.25,172.71,283.39,69.70,20.94,73.10,8F15FAAB-EAFD-4FDE-BDA5-D7CAD5EDD597
$KAAZING,37.4189453,-121.9785003,20.80,68.24,1.87,4.19,145.67,4,15,2014,23,5,56,0,265.70,182.28,170.75,311.19,69.72,20.95,73.25,8F15FAAB-EAFD-4FDE-BDA5-D7CAD5EDD597
$KAAZING,37.4189453,-121.9785003,20.80,68.24,1.87,4.19,145.67,4,15,2014,23,5,56,0,238.26,182.94,172.86,299.74,69.77,20.98,73.27,8F15FAAB-EAFD-4FDE-BDA5-D7CAD5EDD597
$KAAZING,37.4189453,-121.9785003,20.80,68.24,1.87,4.19,145.67,4,15,2014,23,5,56,0,222.10,182.80,188.12,220.91,69.77,20.98,73.27,8F15FAAB-EAFD-4FDE-BDA5-D7CAD5EDD597
$KAAZING,37.4189453,-121.9785003,20.80,68.24,1.87,4.19,145.67,4,15,2014,23,5,56,0,223.62,184.62,182.29,248.20,69.83,21.01,73.21,8F15FAAB-EAFD-4FDE-BDA5-D7CAD5EDD597
$KAAZING,37.4189453,-121.9785003,20.80,68.24,1.87,4.19,145.67,4,15,2014,23,5,56,0,221.36,187.52,184.50,244.65,69.84,21.02,73.17,8F15FAAB-EAFD-4FDE-BDA5-D7CAD5EDD597
$KAAZING,37.4189414,-121.9785003,20.80,68.24,0.26,0.58,206.11,4,15,2014,23,5,57,0,226.99,182.90,184.87,232.43,69.90,21.05,73.05,8F15FAAB-EAFD-4FDE-BDA5-D7CAD5EDD597
$KAAZING,37.4189414,-121.9785003,20.80,68.24,0.26,0.58,206.11,4,15,2014,23,5,57,0,228.90,182.33,184.95,230.19,69.92,21.06,72.91,8F15FAAB-EAFD-4FDE-BDA5-D7CAD5EDD597
$KAAZING,37.4189414,-121.9785003,20.80,68.24,0.26,0.58,206.11,4,15,2014,23,5,57,0,223.23,182.80,185.46,229.76,69.95,21.08,72.85,8F15FAAB-EAFD-4FDE-BDA5-D7CAD5EDD597
$KAAZING,37.4189376,-121.9785003,18.70,61.35,0.26,0.58,206.11,4,15,2014,23,5,59,0,222.66,185.17,185.73,235.49,69.95,21.08,72.87,8F15FAAB-EAFD-4FDE-BDA5-D7CAD5EDD597
$KAAZING,37.4189376,-121.9785003,18.70,61.35,0.26,0.58,206.11,4,15,2014,23,5,59,0,226.53,185.45,183.06,246.37,69.99,21.10,72.82,8F15FAAB-EAFD-4FDE-BDA5-D7CAD5EDD597
$KAAZING,37.4189376,-121.9785003,18.70,61.35,0.26,0.58,206.11,4,15,2014,23,5,59,0,223.26,181.37,187.35,218.16,70.02,21.12,72.86,8F15FAAB-EAFD-4FDE-BDA5-D7CAD5EDD597
$KAAZING,37.4189376,-121.9785003,18.20,59.71,0.26,0.58,206.11,4,15,2014,23,6,0,0,226.10,183.12,183.64,238.39,70.04,21.13,72.86,8F15FAAB-EAFD-4FDE-BDA5-D7CAD5EDD597
$KAAZING,37.4189376,-121.9785003,18.20,59.71,0.26,0.58,206.11,4,15,2014,23,6,0,0,219.03,183.57,186.90,227.12,70.10,21.17,72.82,8F15FAAB-EAFD-4FDE-BDA5-D7CAD5EDD597
$KAAZING,37.4189376,-121.9785003,18.20,59.71,0.26,0.58,206.11,4,15,2014,23,6,0,0,221.59,183.81,184.34,237.26,70.12,21.18,72.79,8F15FAAB-EAFD-4FDE-BDA5-D7CAD5EDD597
$KAAZING,37.4189376,-121.9785003,18.20,59.71,0.26,0.58,206.11,4,15,2014,23,6,0,0,226.46,183.01,184.26,235.30,70.15,21.20,72.73,8F15FAAB-EAFD-4FDE-BDA5-D7CAD5EDD597
$KAAZING,37.4189376,-121.9785003,17.80,58.40,0.26,0.58,206.11,4,15,2014,23,6,1,0,225.34,183.69,184.95,234.46,70.17,21.21,72.70,8F15FAAB-EAFD-4FDE-BDA5-D7CAD5EDD597
$KAAZING,37.4189376,-121.9785003,17.80,58.40,0.26,0.58,206.11,4,15,2014,23,6,1,0,224.79,183.69,184.95,234.46,70.19,21.22,72.70,8F15FAAB-EAFD-4FDE-BDA5-D7CAD5EDD597
$KAAZING,37.4189376,-121.9785003,17.80,58.40,0.26,0.58,206.11,4,15,2014,23,6,1,0,227.64,182.90,184.87,232.43,70.22,21.24,72.74,8F15FAAB-EAFD-4FDE-BDA5-D7CAD5EDD597
$KAAZING,37.4189376,-121.9785003,17.40,57.09,0.26,0.58,206.11,4,15,2014,23,6,2,0,226.32,183.69,184.95,234.46,70.24,21.25,72.74,8F15FAAB-EAFD-4FDE-BDA5-D7CAD5EDD597
$KAAZING,37.4189376,-121.9785003,17.40,57.09,0.26,0.58,206.11,4,15,2014,23,6,2,0,226.50,183.69,184.95,234.46,70.30,21.28,72.57,8F15FAAB-EAFD-4FDE-BDA5-D7CAD5EDD597
$KAAZING,37.4189376,-121.9785003,17.40,57.09,0.26,0.58,206.11,4,15,2014,23,6,2,0,226.19,183.57,184.87,234.46,70.31,21.29,72.27,8F15FAAB-EAFD-4FDE-BDA5-D7CAD5EDD597
$KAAZING,37.4189414,-121.9785003,17.40,57.09,0.08,0.18,154.94,4,15,2014,23,6,3,0,226.77,183.12,185.04,232.43,70.35,21.31,72.16,8F15FAAB-EAFD-4FDE-BDA5-D7CAD5EDD597
$KAAZING,37.4189414,-121.9785003,17.40,57.09,0.08,0.18,154.94,4,15,2014,23,6,3,0,225.38,182.90,186.23,227.29,70.35,21.31,72.16,8F15FAAB-EAFD-4FDE-BDA5-D7CAD5EDD597
$KAAZING,37.4189414,-121.9785003,17.40,57.09,0.08,0.18,154.94,4,15,2014,23,6,3,0,224.89,183.69,185.64,231.84,70.39,21.33,71.98,8F15FAAB-EAFD-4FDE-BDA5-D7CAD5EDD597
$KAAZING,37.4189414,-121.9785003,17.40,57.09,0.08,0.18,154.94,4,15,2014,23,6,3,0,225.19,183.12,185.73,229.76,70.42,21.35,71.83,8F15FAAB-EAFD-4FDE-BDA5-D7CAD5EDD597
$KAAZING,37.4189414,-121.9785003,17.40,57.09,0.08,0.18,154.94,4,15,2014,23,6,3,0,224.96,184.37,185.64,233.75,70.44,21.36,71.72,8F15FAAB-EAFD-4FDE-BDA5-D7CAD5EDD597
$KAAZING,37.4189414,-121.9785003,16.40,53.81,0.08,0.18,154.94,4,15,2014,23,6,5,0,227.59,182.33,185.64,227.49,70.48,21.38,71.42,8F15FAAB-EAFD-4FDE-BDA5-D7CAD5EDD597
$KAAZING,37.4189414,-121.9785003,16.40,53.81,0.08,0.18,154.94,4,15,2014,23,6,5,0,224.48,184.37,184.95,236.31,70.50,21.39,71.21,8F15FAAB-EAFD-4FDE-BDA5-D7CAD5EDD597
$KAAZING,37.4189414,-121.9785003,16.40,53.81,0.08,0.18,154.94,4,15,2014,23,6,5,0,225.94,183.01,185.64,229.76,70.51,21.40,71.03,8F15FAAB-EAFD-4FDE-BDA5-D7CAD5EDD597
$KAAZING,37.4189414,-121.9785003,16.10,52.82,0.08,0.18,154.94,4,15,2014,23,6,6,0,225.72,183.69,184.95,234.46,70.51,21.40,70.93,8F15FAAB-EAFD-4FDE-BDA5-D7CAD5EDD597
$KAAZING,37.4189414,-121.9785003,16.10,52.82,0.08,0.18,154.94,4,15,2014,23,6,6,0,225.50,183.81,185.04,234.46,70.51,21.40,70.85,8F15FAAB-EAFD-4FDE-BDA5-D7CAD5EDD597
$KAAZING,37.4189414,-121.9785003,16.10,52.82,0.08,0.18,154.94,4,15,2014,23,6,6,0,225.63,183.46,184.79,234.46,70.57,21.43,70.89,8F15FAAB-EAFD-4FDE-BDA5-D7CAD5EDD597
$KAAZING,37.4189414,-121.9785003,16.10,52.82,0.08,0.18,154.94,4,15,2014,23,6,6,0,225.51,183.69,184.95,234.46,70.57,21.43,70.61,8F15FAAB-EAFD-4FDE-BDA5-D7CAD5EDD597
$KAAZING,37.4189453,-121.9785003,15.90,52.17,0.08,0.18,154.94,4,15,2014,23,6,7,0,225.02,184.24,184.19,239.04,70.59,21.44,70.48,8F15FAAB-EAFD-4FDE-BDA5-D7CAD5EDD597
$KAAZING,37.4189453,-121.9785003,15.90,52.17,0.08,0.18,154.94,4,15,2014,23,6,7,0,226.80,182.90,184.87,232.43,70.62,21.46,70.35,8F15FAAB-EAFD-4FDE-BDA5-D7CAD5EDD597
$KAAZING,37.4189453,-121.9785003,15.70,51.51,0.08,0.18,154.94,4,15,2014,23,6,8,0,226.49,183.69,184.95,234.46,70.62,21.46,70.26,8F15FAAB-EAFD-4FDE-BDA5-D7CAD5EDD597
$KAAZING,37.4189453,-121.9785003,15.70,51.51,0.08,0.18,154.94,4,15,2014,23,6,8,0,225.79,183.69,184.95,234.46,70.68,21.49,70.19,8F15FAAB-EAFD-4FDE-BDA5-D7CAD5EDD597
$KAAZING,37.4189453,-121.9785003,15.70,51.51,0.08,0.18,154.94,4,15,2014,23,6,8,0,224.87,183.57,185.55,231.84,70.70,21.50,70.15,8F15FAAB-EAFD-4FDE-BDA5-D7CAD5EDD597
$KAAZING,37.4189453,-121.9785003,15.70,51.51,0.08,0.18,154.94,4,15,2014,23,6,8,0,225.60,183.69,184.95,234.46,70.73,21.52,69.94,8F15FAAB-EAFD-4FDE-BDA5-D7CAD5EDD597
$KAAZING,37.4189453,-121.9785003,15.70,51.51,0.03,0.06,115.31,4,15,2014,23,6,9,0,226.15,183.01,185.64,229.76,70.77,21.54,69.81,8F15FAAB-EAFD-4FDE-BDA5-D7CAD5EDD597
$KAAZING,37.4189453,-121.9785003,15.70,51.51,0.03,0.06,115.31,4,15,2014,23,6,9,0,225.59,183.69,184.95,234.46,70.77,21.54,69.70,8F15FAAB-EAFD-4FDE-BDA5-D7CAD5EDD597
$KAAZING,37.4189453,-121.9785003,15.70,51.51,0.03,0.06,115.31,4,15,2014,23,6,9,0,226.12,183.69,184.95,234.46,70.79,21.55,69.74,8F15FAAB-EAFD-4FDE-BDA5-D7CAD5EDD597
$KAAZING,37.4189453,-121.9785003,15.70,51.51,0.03,0.06,115.31,4,15,2014,23,6,9,0,224.98,183.57,185.55,231.84,70.80,21.56,69.71,8F15FAAB-EAFD-4FDE-BDA5-D7CAD5EDD597
$KAAZING,37.4189453,-121.9785003,15.70,51.51,0.03,0.06,115.31,4,15,2014,23,6,9,0,225.82,183.57,185.55,231.84,70.86,21.59,69.65,8F15FAAB-EAFD-4FDE-BDA5-D7CAD5EDD597
$KAAZING,37.4189491,-121.9785003,15.20,49.87,0.03,0.06,115.31,4,15,2014,23,6,11,0,225.52,183.69,184.95,234.46,70.89,21.61,69.30,8F15FAAB-EAFD-4FDE-BDA5-D7CAD5EDD597
$KAAZING,37.4189491,-121.9785003,15.20,49.87,0.03,0.06,115.31,4,15,2014,23,6,11,0,224.51,183.57,185.55,231.84,70.91,21.62,69.17,8F15FAAB-EAFD-4FDE-BDA5-D7CAD5EDD597
$KAAZING,37.4189491,-121.9785003,15.20,49.87,0.03,0.06,115.31,4,15,2014,23,6,11,0,225.10,183.81,185.73,231.84,70.91,21.62,69.03,8F15FAAB-EAFD-4FDE-BDA5-D7CAD5EDD597
$KAAZING,37.4189491,-121.9785003,15.00,49.21,0.03,0.06,115.31,4,15,2014,23,6,12,0,225.21,183.01,185.64,229.76,70.91,21.62,68.88,8F15FAAB-EAFD-4FDE-BDA5-D7CAD5EDD597
$KAAZING,37.4189491,-121.9785003,15.00,49.21,0.03,0.06,115.31,4,15,2014,23,6,12,0,225.00,183.57,185.55,231.84,70.91,21.62,68.85,8F15FAAB-EAFD-4FDE-BDA5-D7CAD5EDD597
$KAAZING,37.4189491,-121.9785003,15.00,49.21,0.03,0.06,115.31,4,15,2014,23,6,12,0,225.18,183.69,185.64,231.84,70.93,21.63,68.72,8F15FAAB-EAFD-4FDE-BDA5-D7CAD5EDD597
$KAAZING,37.4189491,-121.9785003,14.80,48.56,0.03,0.06,115.31,4,15,2014,23,6,13,0,224.76,183.81,185.73,231.84,70.93,21.63,68.72,8F15FAAB-EAFD-4FDE-BDA5-D7CAD5EDD597
$KAAZING,37.4189491,-121.9785003,14.80,48.56,0.03,0.06,115.31,4,15,2014,23,6,13,0,226.38,183.69,184.95,234.46,70.97,21.65,68.69,8F15FAAB-EAFD-4FDE-BDA5-D7CAD5EDD597
$KAAZING,37.4189491,-121.9785003,14.80,48.56,0.03,0.06,115.31,4,15,2014,23,6,13,0,225.50,183.46,185.46,231.84,70.93,21.63,68.67,8F15FAAB-EAFD-4FDE-BDA5-D7CAD5EDD597
$KAAZING,37.4189491,-121.9785003,14.80,48.56,0.03,0.06,115.31,4,15,2014,23,6,14,0,225.17,183.69,185.64,231.84,70.93,21.63,68.62,8F15FAAB-EAFD-4FDE-BDA5-D7CAD5EDD597
$KAAZING,37.4189491,-121.9785003,14.80,48.56,0.03,0.06,115.31,4,15,2014,23,6,14,0,227.61,183.01,184.95,232.43,70.97,21.65,68.62,8F15FAAB-EAFD-4FDE-BDA5-D7CAD5EDD597
$KAAZING,37.4189491,-121.9785003,14.80,48.56,0.03,0.06,115.31,4,15,2014,23,6,14,0,225.25,183.57,185.55,231.84,70.99,21.66,68.54,8F15FAAB-EAFD-4FDE-BDA5-D7CAD5EDD597
$KAAZING,37.4189491,-121.9785003,14.80,48.56,0.03,0.06,115.31,4,15,2014,23,6,14,0,226.80,183.01,184.95,232.43,70.99,21.66,68.54,8F15FAAB-EAFD-4FDE-BDA5-D7CAD5EDD597
$KAAZING,37.4189529,-121.9785003,14.80,48.56,0.14,0.31,144.26,4,15,2014,23,6,15,0,223.55,184.37,185.64,233.75,71.02,21.68,68.58,8F15FAAB-EAFD-4FDE-BDA5-D7CAD5EDD597
$KAAZING,37.4189529,-121.9785003,14.80,48.56,0.14,0.31,144.26,4,15,2014,23,6,15,0,226.38,183.69,184.95,234.46,71.04,21.69,68.58,8F15FAAB-EAFD-4FDE-BDA5-D7CAD5EDD597
$KAAZING,37.4189529,-121.9785003,14.80,48.56,0.14,0.31,144.26,4,15,2014,23,6,15,0,226.13,183.57,185.55,231.84,71.04,21.69,68.65,8F15FAAB-EAFD-4FDE-BDA5-D7CAD5EDD597
$KAAZING,37.4189529,-121.9785003,14.80,48.56,0.05,0.12,349.73,4,15,2014,23,6,16,0,225.49,183.12,186.43,227.29,71.06,21.70,68.69,8F15FAAB-EAFD-4FDE-BDA5-D7CAD5EDD597
$KAAZING,37.4189529,-121.9785003,14.80,48.56,0.05,0.12,349.73,4,15,2014,23,6,16,0,226.67,183.01,184.95,232.43,71.09,21.72,68.68,8F15FAAB-EAFD-4FDE-BDA5-D7CAD5EDD597
$KAAZING,37.4189529,-121.9785003,14.40,47.24,0.05,0.12,349.73,4,15,2014,23,6,17,0,225.02,183.46,184.79,234.46,71.06,21.70,68.78,8F15FAAB-EAFD-4FDE-BDA5-D7CAD5EDD597
$KAAZING,37.4189529,-121.9785003,14.40,47.24,0.05,0.12,349.73,4,15,2014,23,6,17,0,225.58,183.69,184.95,234.46,71.09,21.72,68.92,8F15FAAB-EAFD-4FDE-BDA5-D7CAD5EDD597
$KAAZING,37.4189529,-121.9785003,14.40,47.24,0.05,0.12,349.73,4,15,2014,23,6,17,0,227.30,183.01,185.64,229.76,71.11,21.73,68.81,8F15FAAB-EAFD-4FDE-BDA5-D7CAD5EDD597
$KAAZING,37.4189567,-121.9785003,14.30,46.92,0.05,0.12,349.73,4,15,2014,23,6,18,0,226.30,183.81,184.34,237.26,71.13,21.74,68.89,8F15FAAB-EAFD-4FDE-BDA5-D7CAD5EDD597
$KAAZING,37.4189567,-121.9785003,14.30,46.92,0.05,0.12,349.73,4,15,2014,23,6,18,0,225.89,183.12,185.04,232.43,71.17,21.76,68.92,8F15FAAB-EAFD-4FDE-BDA5-D7CAD5EDD597
$KAAZING,37.4189567,-121.9785003,14.30,46.92,0.05,0.12,349.73,4,15,2014,23,6,18,0,225.69,182.90,185.55,229.76,71.17,21.76,68.83,8F15FAAB-EAFD-4FDE-BDA5-D7CAD5EDD597
$KAAZING,37.4189567,-121.9785003,14.20,46.59,0.05,0.12,349.73,4,15,2014,23,6,19,0,225.36,183.01,185.64,229.76,71.24,21.80,68.78,8F15FAAB-EAFD-4FDE-BDA5-D7CAD5EDD597
$KAAZING,37.4189567,-121.9785003,14.20,46.59,0.05,0.12,349.73,4,15,2014,23,6,19,0,225.62,183.01,185.64,229.76,71.26,21.81,68.78,8F15FAAB-EAFD-4FDE-BDA5-D7CAD5EDD597
$KAAZING,37.4189567,-121.9785003,14.20,46.59,0.05,0.12,349.73,4,15,2014,23,6,19,0,225.85,183.57,184.87,234.46,71.29,21.83,68.80,8F15FAAB-EAFD-4FDE-BDA5-D7CAD5EDD597
$KAAZING,37.4189567,-121.9785003,14.10,46.26,0.05,0.12,349.73,4,15,2014,23,6,20,0,225.58,183.69,185.64,231.84,71.29,21.83,68.80,8F15FAAB-EAFD-4FDE-BDA5-D7CAD5EDD597
$KAAZING,37.4189567,-121.9785003,14.10,46.26,0.05,0.12,349.73,4,15,2014,23,6,20,0,225.17,183.57,185.55,231.84,71.33,21.85,68.84,8F15FAAB-EAFD-4FDE-BDA5-D7CAD5EDD597
$KAAZING,37.4189567,-121.9785003,14.10,46.26,0.05,0.12,349.73,4,15,2014,23,6,20,0,225.29,182.90,186.23,227.29,71.37,21.87,68.84,8F15FAAB-EAFD-4FDE-BDA5-D7CAD5EDD597
$KAAZING,37.4189567,-121.9785003,14.10,46.26,0.05,0.12,349.73,4,15,2014,23,6,20,0,226.05,183.57,184.87,234.46,71.38,21.88,68.62,8F15FAAB-EAFD-4FDE-BDA5-D7CAD5EDD597
$KAAZING,37.4189567,-121.9785003,14.10,46.26,0.13,0.30,140.92,4,15,2014,23,6,21,0,225.62,183.69,185.64,231.84,71.42,21.90,68.55,8F15FAAB-EAFD-4FDE-BDA5-D7CAD5EDD597
$KAAZING,37.4189567,-121.9785003,14.10,46.26,0.13,0.30,140.92,4,15,2014,23,6,21,0,225.55,183.69,184.95,234.46,71.44,21.91,68.42,8F15FAAB-EAFD-4FDE-BDA5-D7CAD5EDD597
$KAAZING,37.4189567,-121.9785003,14.10,46.26,0.13,0.30,140.92,4,15,2014,23,6,21,0,224.81,183.01,186.33,227.29,71.38,21.88,68.23,8F15FAAB-EAFD-4FDE-BDA5-D7CAD5EDD597
$KAAZING,37.4189567,-121.9785003,14.10,46.26,0.13,0.30,140.92,4,15,2014,23,6,21,0,224.34,183.69,185.64,231.84,71.38,21.88,68.20,8F15FAAB-EAFD-4FDE-BDA5-D7CAD5EDD597
$KAAZING,37.4189567,-121.9785003,14.10,46.26,0.03,0.06,25.34,4,15,2014,23,6,22,0,225.26,183.69,184.95,234.46,71.38,21.88,68.23,8F15FAAB-EAFD-4FDE-BDA5-D7CAD5EDD597
$KAAZING,37.4189567,-121.9785003,14.10,46.26,0.03,0.06,25.34,4,15,2014,23,6,22,0,226.68,182.90,184.87,232.43,71.38,21.88,68.30,8F15FAAB-EAFD-4FDE-BDA5-D7CAD5EDD597
$KAAZING,37.4189567,-121.9785003,14.10,46.26,0.03,0.06,25.34,4,15,2014,23,6,22,0,226.68,183.01,185.64,229.76,71.44,21.91,68.33,8F15FAAB-EAFD-4FDE-BDA5-D7CAD5EDD597
$KAAZING,37.4189567,-121.9785003,13.80,45.28,0.03,0.06,25.34,4,15,2014,23,6,24,0,225.44,183.69,184.95,234.46,71.44,21.91,68.30,8F15FAAB-EAFD-4FDE-BDA5-D7CAD5EDD597
$KAAZING,37.4189567,-121.9785003,13.80,45.28,0.03,0.06,25.34,4,15,2014,23,6,24,0,225.41,183.81,185.04,234.46,71.46,21.92,68.25,8F15FAAB-EAFD-4FDE-BDA5-D7CAD5EDD597
$KAAZING,37.4189567,-121.9785003,13.80,45.28,0.03,0.06,25.34,4,15,2014,23,6,24,0,225.84,183.69,185.64,231.84,71.46,21.92,68.20,8F15FAAB-EAFD-4FDE-BDA5-D7CAD5EDD597
$KAAZING,37.4189567,-121.9785003,13.80,45.28,0.03,0.06,25.34,4,15,2014,23,6,24,0,225.52,183.69,184.95,234.46,71.49,21.94,68.14,8F15FAAB-EAFD-4FDE-BDA5-D7CAD5EDD597
$KAAZING,37.4189567,-121.9785003,13.70,44.95,0.03,0.06,25.34,4,15,2014,23,6,25,0,224.93,184.37,184.95,236.31,71.49,21.94,68.05,8F15FAAB-EAFD-4FDE-BDA5-D7CAD5EDD597
$KAAZING,37.4189567,-121.9785003,13.70,44.95,0.03,0.06,25.34,4,15,2014,23,6,25,0,224.75,183.69,185.64,231.84,71.51,21.95,68.02,8F15FAAB-EAFD-4FDE-BDA5-D7CAD5EDD597
$KAAZING,37.4189567,-121.9785003,13.70,44.95,0.03,0.06,25.34,4,15,2014,23,6,25,0,224.70,183.69,185.64,231.84,71.51,21.95,68.02,8F15FAAB-EAFD-4FDE-BDA5-D7CAD5EDD597
$KAAZING,37.4189567,-121.9785003,13.70,44.95,0.03,0.06,25.34,4,15,2014,23,6,26,0,227.53,183.69,184.26,237.26,71.53,21.96,68.00,8F15FAAB-EAFD-4FDE-BDA5-D7CAD5EDD597
$KAAZING,37.4189567,-121.9785003,13.70,44.95,0.03,0.06,25.34,4,15,2014,23,6,26,0,225.03,183.57,185.55,231.84,71.53,21.96,68.02,8F15FAAB-EAFD-4FDE-BDA5-D7CAD5EDD597
$KAAZING,37.4189567,-121.9785003,13.70,44.95,0.03,0.06,25.34,4,15,2014,23,6,26,0,225.34,183.69,184.95,234.46,71.53,21.96,68.02,8F15FAAB-EAFD-4FDE-BDA5-D7CAD5EDD597
$KAAZING,37.4189605,-121.9785003,13.70,44.95,0.03,0.06,25.34,4,15,2014,23,6,27,0,224.21,183.69,186.33,229.40,71.53,21.96,68.00,8F15FAAB-EAFD-4FDE-BDA5-D7CAD5EDD597
$KAAZING,37.4189605,-121.9785003,13.70,44.95,0.03,0.06,25.34,4,15,2014,23,6,27,0,225.84,183.01,185.64,229.76,71.57,21.98,68.02,8F15FAAB-EAFD-4FDE-BDA5-D7CAD5EDD597
$KAAZING,37.4189605,-121.9785003,13.70,44.95,0.03,0.06,25.34,4,15,2014,23,6,27,0,224.53,183.57,185.55,231.84,71.58,21.99,67.95,8F15FAAB-EAFD-4FDE-BDA5-D7CAD5EDD597
$KAAZING,37.4189605,-121.9785003,13.70,44.95,0.17,0.39,143.51,4,15,2014,23,6,28,0,226.87,183.69,184.95,234.46,71.58,21.99,67.97,8F15FAAB-EAFD-4FDE-BDA5-D7CAD5EDD597
$KAAZING,37.4189605,-121.9785003,13.70,44.95,0.17,0.39,143.51,4,15,2014,23,6,28,0,224.80,183.57,185.55,231.84,71.62,22.01,67.95,8F15FAAB-EAFD-4FDE-BDA5-D7CAD5EDD597
$KAAZING,37.4189605,-121.9785003,13.70,44.95,0.17,0.39,143.51,4,15,2014,23,6,28,0,226.90,183.12,185.04,232.43,71.62,22.01,67.91,8F15FAAB-EAFD-4FDE-BDA5-D7CAD5EDD597
$KAAZING,37.4189605,-121.9785003,13.70,44.95,0.17,0.39,143.51,4,15,2014,23,6,28,0,224.69,183.69,185.64,231.84,71.64,22.02,67.93,8F15FAAB-EAFD-4FDE-BDA5-D7CAD5EDD597
$KAAZING,37.4189605,-121.9785003,13.70,44.95,0.17,0.39,143.51,4,15,2014,23,6,28,0,226.69,183.01,184.95,232.43,71.66,22.03,67.97,8F15FAAB-EAFD-4FDE-BDA5-D7CAD5EDD597
$KAAZING,37.4189605,-121.9785003,13.50,44.29,0.17,0.39,143.51,4,15,2014,23,6,30,0,227.02,183.01,185.64,229.76,71.66,22.03,67.98,8F15FAAB-EAFD-4FDE-BDA5-D7CAD5EDD597
$KAAZING,37.4189605,-121.9785003,13.50,44.29,0.17,0.39,143.51,4,15,2014,23,6,30,0,225.04,183.69,185.64,231.84,71.69,22.05,68.01,8F15FAAB-EAFD-4FDE-BDA5-D7CAD5EDD597
$KAAZING,37.4189605,-121.9785003,13.50,44.29,0.17,0.39,143.51,4,15,2014,23,6,30,0,225.97,182.90,185.55,229.76,71.75,22.08,68.03,8F15FAAB-EAFD-4FDE-BDA5-D7CAD5EDD597
$KAAZING,37.4189605,-121.9785003,13.40,43.96,0.17,0.39,143.51,4,15,2014,23,6,31,0,224.14,183.57,185.55,231.84,71.71,22.06,68.03,8F15FAAB-EAFD-4FDE-BDA5-D7CAD5EDD597
$KAAZING,37.4189605,-121.9785003,13.40,43.96,0.17,0.39,143.51,4,15,2014,23,6,31,0,225.57,183.57,184.87,234.46,71.75,22.08,68.03,8F15FAAB-EAFD-4FDE-BDA5-D7CAD5EDD597
$KAAZING,37.4189605,-121.9785003,13.40,43.96,0.17,0.39,143.51,4,15,2014,23,6,31,0,225.46,183.01,185.64,229.76,71.78,22.10,68.03,8F15FAAB-EAFD-4FDE-BDA5-D7CAD5EDD597
$KAAZING,37.4189605,-121.9785003,13.40,43.96,0.17,0.39,143.51,4,15,2014,23,6,31,0,225.07,183.81,185.04,234.46,71.71,22.06,68.08,8F15FAAB-EAFD-4FDE-BDA5-D7CAD5EDD597
$KAAZING,37.4189605,-121.9785003,13.40,43.96,0.17,0.39,143.51,4,15,2014,23,6,32,0,225.13,183.81,185.73,231.84,71.71,22.06,68.16,8F15FAAB-EAFD-4FDE-BDA5-D7CAD5EDD597
$KAAZING,37.4189605,-121.9785003,13.40,43.96,0.17,0.39,143.51,4,15,2014,23,6,32,0,225.01,183.69,186.33,229.40,71.71,22.06,68.30,8F15FAAB-EAFD-4FDE-BDA5-D7CAD5EDD597
$KAAZING,37.4189605,-121.9785003,13.30,43.64,0.17,0.39,143.51,4,15,2014,23,6,33,0,227.78,182.90,184.19,235.30,71.71,22.06,68.42,8F15FAAB-EAFD-4FDE-BDA5-D7CAD5EDD597
$KAAZING,37.4189605,-121.9785003,13.30,43.64,0.17,0.39,143.51,4,15,2014,23,6,33,0,226.32,182.80,184.79,232.43,71.71,22.06,68.53,8F15FAAB-EAFD-4FDE-BDA5-D7CAD5EDD597
$KAAZING,37.4189605,-121.9785003,13.30,43.64,0.17,0.39,143.51,4,15,2014,23,6,33,0,225.64,183.69,184.95,234.46,71.75,22.08,68.62,8F15FAAB-EAFD-4FDE-BDA5-D7CAD5EDD597
$KAAZING,37.4189605,-121.9785003,13.30,43.64,0.17,0.39,143.51,4,15,2014,23,6,33,0,225.07,183.81,185.04,234.46,71.75,22.08,68.59,8F15FAAB-EAFD-4FDE-BDA5-D7CAD5EDD597
$KAAZING,37.4189605,-121.9785003,13.30,43.64,0.05,0.12,108.64,4,15,2014,23,6,34,0,226.11,183.69,184.95,234.46,71.75,22.08,68.64,8F15FAAB-EAFD-4FDE-BDA5-D7CAD5EDD597
$KAAZING,37.4189605,-121.9785003,13.30,43.64,0.05,0.12,108.64,4,15,2014,23,6,34,0,224.29,183.81,185.04,234.46,71.75,22.08,68.68,8F15FAAB-EAFD-4FDE-BDA5-D7CAD5EDD597
$KAAZING,37.4189605,-121.9785003,13.30,43.64,0.05,0.12,108.64,4,15,2014,23,6,34,0,226.48,183.12,185.73,229.76,71.75,22.08,68.77,8F15FAAB-EAFD-4FDE-BDA5-D7CAD5EDD597
$KAAZING,37.4189605,-121.9785003,13.30,43.64,0.18,0.40,145.71,4,15,2014,23,6,35,0,225.99,183.69,184.95,234.46,71.75,22.08,68.78,8F15FAAB-EAFD-4FDE-BDA5-D7CAD5EDD597
$KAAZING,37.4189605,-121.9785003,13.30,43.64,0.18,0.40,145.71,4,15,2014,23,6,35,0,226.19,183.57,184.87,234.46,71.76,22.09,68.77,8F15FAAB-EAFD-4FDE-BDA5-D7CAD5EDD597
$KAAZING,37.4189605,-121.9785003,13.30,43.64,0.18,0.40,145.71,4,15,2014,23,6,35,0,226.70,182.33,185.64,227.49,71.78,22.10,68.03,8F15FAAB-EAFD-4FDE-BDA5-D7CAD5EDD597
$KAAZING,37.4189605,-121.9785003,13.30,43.64,0.18,0.40,145.71,4,15,2014,23,6,35,0,225.38,183.81,185.04,234.46,71.78,22.10,67.69,8F15FAAB-EAFD-4FDE-BDA5-D7CAD5EDD597
$KAAZING,37.4189605,-121.9785003,13.30,43.64,0.18,0.40,145.71,4,15,2014,23,6,35,0,223.05,187.63,184.91,243.43,71.78,22.10,67.36,8F15FAAB-EAFD-4FDE-BDA5-D7CAD5EDD597
$KAAZING,37.4189605,-121.9785003,13.10,42.98,0.18,0.40,145.71,4,15,2014,23,6,37,0,257.20,177.37,184.04,209.05,71.75,22.08,66.81,8F15FAAB-EAFD-4FDE-BDA5-D7CAD5EDD597
$KAAZING,37.4189605,-121.9785003,13.10,42.98,0.18,0.40,145.71,4,15,2014,23,6,37,0,240.79,188.04,172.16,292.25,71.69,22.05,66.75,8F15FAAB-EAFD-4FDE-BDA5-D7CAD5EDD597
$KAAZING,37.4189605,-121.9785003,13.10,42.98,0.18,0.40,145.71,4,15,2014,23,6,37,0,256.38,181.13,182.47,237.99,71.69,22.05,66.79,8F15FAAB-EAFD-4FDE-BDA5-D7CAD5EDD597
$KAAZING,37.4189605,-121.9785003,13.50,44.29,0.18,0.40,145.71,4,15,2014,23,6,38,0,241.71,183.58,176.51,278.75,71.66,22.03,66.75,8F15FAAB-EAFD-4FDE-BDA5-D7CAD5EDD597
$KAAZING,37.4189605,-121.9785003,13.50,44.29,0.18,0.40,145.71,4,15,2014,23,6,38,0,243.41,181.73,177.29,275.19,71.71,22.06,66.76,8F15FAAB-EAFD-4FDE-BDA5-D7CAD5EDD597
$KAAZING,37.4189605,-121.9785003,13.50,44.29,0.18,0.40,145.71,4,15,2014,23,6,38,0,243.07,183.01,175.21,287.10,71.75,22.08,66.79,8F15FAAB-EAFD-4FDE-BDA5-D7CAD5EDD597
$KAAZING,37.4189605,-121.9785079,13.40,43.96,0.18,0.40,145.71,4,15,2014,23,6,39,0,243.73,182.43,175.88,284.04,71.71,22.06,66.79,8F15FAAB-EAFD-4FDE-BDA5-D7CAD5EDD597
$KAAZING,37.4189605,-121.9785079,13.40,43.96,0.18,0.40,145.71,4,15,2014,23,6,39,0,241.67,182.23,177.31,274.76,71.75,22.08,66.76,8F15FAAB-EAFD-4FDE-BDA5-D7CAD5EDD597
$KAAZING,37.4189605,-121.9785079,13.40,43.96,0.18,0.40,145.71,4,15,2014,23,6,39,0,242.75,183.12,175.17,287.10,71.75,22.08,66.68,8F15FAAB-EAFD-4FDE-BDA5-D7CAD5EDD597
$KAAZING,37.4189605,-121.9785079,13.40,43.96,0.18,0.40,145.71,4,15,2014,23,6,40,0,241.99,182.90,176.62,278.75,71.75,22.08,66.75,8F15FAAB-EAFD-4FDE-BDA5-D7CAD5EDD597
$KAAZING,37.4189605,-121.9785079,13.40,43.96,0.18,0.40,145.71,4,15,2014,23,6,40,0,242.25,182.33,176.60,279.46,71.78,22.10,66.79,8F15FAAB-EAFD-4FDE-BDA5-D7CAD5EDD597
$KAAZING,37.4189605,-121.9785079,13.40,43.96,0.18,0.40,145.71,4,15,2014,23,6,40,0,242.08,182.33,176.60,279.46,71.82,22.12,66.84,8F15FAAB-EAFD-4FDE-BDA5-D7CAD5EDD597
$KAAZING,37.4189605,-121.9785079,13.40,43.96,0.18,0.40,145.71,4,15,2014,23,6,40,0,243.89,182.33,175.90,284.04,71.84,22.13,66.94,8F15FAAB-EAFD-4FDE-BDA5-D7CAD5EDD597
$KAAZING,37.4189605,-121.9785079,13.40,43.96,0.04,0.08,1.42,4,15,2014,23,6,41,0,242.34,183.01,175.21,287.10,71.86,22.14,66.95,8F15FAAB-EAFD-4FDE-BDA5-D7CAD5EDD597
$KAAZING,37.4189605,-121.9785079,13.40,43.96,0.04,0.08,1.42,4,15,2014,23,6,41,0,241.72,182.23,176.62,279.46,71.89,22.16,66.98,8F15FAAB-EAFD-4FDE-BDA5-D7CAD5EDD597
$KAAZING,37.4189605,-121.9785079,13.30,43.64,0.04,0.08,1.42,4,15,2014,23,6,42,0,242.89,182.23,176.62,279.46,71.91,22.17,67.02,8F15FAAB-EAFD-4FDE-BDA5-D7CAD5EDD597
$KAAZING,37.4189605,-121.9785079,13.30,43.64,0.04,0.08,1.42,4,15,2014,23,6,42,0,242.33,182.43,176.59,279.46,71.96,22.20,67.01,8F15FAAB-EAFD-4FDE-BDA5-D7CAD5EDD597
$KAAZING,37.4189605,-121.9785079,13.30,43.64,0.04,0.08,1.42,4,15,2014,23,6,42,0,242.22,182.33,176.60,279.46,71.98,22.21,66.99,8F15FAAB-EAFD-4FDE-BDA5-D7CAD5EDD597
$KAAZING,37.4189605,-121.9785079,13.30,43.64,0.04,0.08,1.42,4,15,2014,23,6,42,0,243.30,182.43,176.59,279.46,72.04,22.24,67.01,8F15FAAB-EAFD-4FDE-BDA5-D7CAD5EDD597
$KAAZING,37.4189605,-121.9785079,13.30,43.64,0.04,0.08,1.42,4,15,2014,23,6,42,0,243.11,182.33,176.60,279.46,72.05,22.25,66.94,8F15FAAB-EAFD-4FDE-BDA5-D7CAD5EDD597
$KAAZING,37.4189605,-121.9785079,13.30,43.64,0.04,0.08,1.42,4,15,2014,23,6,42,0,241.54,182.90,176.62,278.75,72.09,22.27,66.81,8F15FAAB-EAFD-4FDE-BDA5-D7CAD5EDD597
$KAAZING,37.4189643,-121.9785079,13.20,43.31,0.04,0.08,1.42,4,15,2014,23,6,44,0,242.33,182.33,176.60,279.46,72.11,22.28,66.76,8F15FAAB-EAFD-4FDE-BDA5-D7CAD5EDD597
$KAAZING,37.4189643,-121.9785079,13.20,43.31,0.04,0.08,1.42,4,15,2014,23,6,44,0,242.03,182.43,176.59,279.46,72.15,22.30,66.69,8F15FAAB-EAFD-4FDE-BDA5-D7CAD5EDD597
$KAAZING,37.4189643,-121.9785079,13.20,43.31,0.04,0.08,1.42,4,15,2014,23,6,44,0,241.72,182.33,175.90,284.04,72.16,22.31,66.56,8F15FAAB-EAFD-4FDE-BDA5-D7CAD5EDD597
$KAAZING,37.4189605,-121.9785079,13.20,43.31,0.04,0.08,1.42,4,15,2014,23,6,45,0,242.70,182.33,177.30,274.76,72.18,22.32,66.47,8F15FAAB-EAFD-4FDE-BDA5-D7CAD5EDD597
$KAAZING,37.4189605,-121.9785079,13.20,43.31,0.04,0.08,1.42,4,15,2014,23,6,45,0,243.34,182.33,176.60,279.46,72.18,22.32,66.18,8F15FAAB-EAFD-4FDE-BDA5-D7CAD5EDD597
$KAAZING,37.4189605,-121.9785079,13.20,43.31,0.04,0.08,1.42,4,15,2014,23,6,45,0,244.05,182.43,176.59,279.46,72.18,22.32,66.12,8F15FAAB-EAFD-4FDE-BDA5-D7CAD5EDD597
$KAAZING,37.4189605,-121.9785079,13.20,43.31,0.04,0.08,1.42,4,15,2014,23,6,45,0,244.40,182.33,175.90,284.04,72.18,22.32,66.12,8F15FAAB-EAFD-4FDE-BDA5-D7CAD5EDD597
